,model,task,step,batch_idx,absolute_time,smiles,valid,valid_score,unique,occurrences,desc_QED,desc_SAscore,desc_CLogP,desc_MolWt,desc_HeavyAtomCount,desc_HeavyAtomMolWt,desc_NumHAcceptors,desc_NumHDonors,desc_NumHeteroatoms,desc_NumRotatableBonds,desc_NumAromaticRings,desc_NumAliphaticRings,desc_RingCount,desc_TPSA,desc_PenLogP,desc_FormalCharge,desc_MolecularFormula,desc_Bertz,desc_MaxConsecutiveRotatableBonds,desc_FlourineCount,EGFR_Sim,EGFR_Cmpd1_Sim,EGFR_Cmpd2_Sim,EGFR_Cmpd3_Sim,EGFR_Cmpd4_Sim,raw_EGFR_Sim,single,filter,score_time
2560,REINFORCE,EGFR,21,0,36.647640228271484,O=C(O)c1ccc(CNC=NCc2ccccn2)cc1,true,1,true,0,0.621787071183602,0.0,2.0979,269.30400000000003,20.0,254.18399999999997,3.0,2.0,5.0,6.0,2.0,0.0,2.0,74.58,0.0,0.0,C15H15N3O2,579.827438063463,3.0,0.0,0.3623188405797102,0.25,0.30000000000000004,0.3220338983050848,0.3623188405797102,0.3623188405797102,0.3623188405797102,1.0,1.1021909713745117
2561,REINFORCE,EGFR,21,1,36.647640228271484,CCOC(=O)C(=Cc1sc(-c2cccnc2)nc1C)C(C)=O,true,1,true,0,0.3668851433862254,0.0,3.0490200000000014,316.3820000000001,22.0,300.254,6.0,0.0,6.0,5.0,2.0,0.0,2.0,69.15,0.0,0.0,C16H16N2O3S,720.2470786660762,2.0,0.0,0.33333333333333337,0.25,0.3142857142857143,0.288135593220339,0.33333333333333337,0.33333333333333337,0.33333333333333337,1.0,1.1021909713745117
2562,REINFORCE,EGFR,21,2,36.647640228271484,CC(=O)c1ccc(OCC(=O)Nc2cc(-c3ccc(C)o3)nn2C)cc1,true,1,true,0,0.6877958317895436,0.0,3.2086200000000016,353.37800000000004,26.0,334.22600000000006,6.0,1.0,7.0,6.0,3.0,0.0,3.0,86.36000000000001,0.0,0.0,C19H19N3O4,938.1073809851933,3.0,0.0,0.42028985507246375,0.28846153846153844,0.37142857142857144,0.3220338983050848,0.42028985507246375,0.42028985507246375,0.42028985507246375,1.0,1.1021909713745117
2563,REINFORCE,EGFR,21,3,36.647640228271484,CC(=O)Nc1cccc(C=C2C(=O)CC(C)(C)CC2=O)c1,true,1,true,0,0.6708540672068858,0.0,2.986600000000002,285.34299999999996,21.0,266.191,3.0,1.0,4.0,2.0,1.0,1.0,2.0,63.24,0.0,0.0,C17H19NO3,619.1902352320328,1.0,0.0,0.5084745762711864,0.32692307692307687,0.41428571428571426,0.5084745762711864,0.3623188405797102,0.5084745762711864,0.5084745762711864,1.0,1.1021909713745117
2564,REINFORCE,EGFR,21,4,36.647640228271484,CCN(CC)CCNC(=O)CCn1nc(OCc2ccc(C)cc2C)ccc1=O,true,1,true,0,0.6262805340346784,0.0,2.2872399999999997,400.52300000000014,29.0,368.26700000000017,6.0,1.0,7.0,11.0,2.0,0.0,2.0,76.46000000000001,0.0,0.0,C22H32N4O3,859.3761480984931,5.0,0.0,0.3188405797101449,0.21153846153846156,0.2857142857142857,0.2542372881355932,0.3188405797101449,0.3188405797101449,0.3188405797101449,1.0,1.1021909713745117
2565,REINFORCE,EGFR,21,5,36.647640228271484,CCCCCCC(=O)Nc1ccnc2cc(S(=O)(=O)c3ccc([N+](=O)[O-])cc3)ccc12,true,1,true,0,0.2869157656934533,0.0,4.884700000000004,441.5090000000002,31.0,418.3250000000003,6.0,1.0,9.0,9.0,3.0,0.0,3.0,119.27000000000001,0.0,0.0,C22H23N3O5S,1207.5484048908402,5.0,0.0,0.34782608695652173,0.21153846153846156,0.27142857142857146,0.3389830508474576,0.34782608695652173,0.34782608695652173,0.34782608695652173,1.0,1.1021909713745117
2566,REINFORCE,EGFR,21,6,36.647640228271484,C#CCNCC(O)c1cc(Cl)c(O)c(CCC)c1,true,1,true,0,0.5473943057422653,0.0,2.2543000000000006,267.7559999999999,18.0,249.61199999999994,3.0,3.0,4.0,6.0,1.0,0.0,1.0,52.489999999999995,0.0,0.0,C14H18ClNO2,440.15551137966395,5.0,0.0,0.38983050847457623,0.32692307692307687,0.3285714285714286,0.38983050847457623,0.28985507246376807,0.38983050847457623,0.38983050847457623,1.0,1.1021909713745117
2567,REINFORCE,EGFR,21,7,36.647640228271484,CCCCOC(=O)C1CCC2C3CC=C4C(CC(=O)O)C(=O)OC4C(C)(CO)C3CCC12C,true,1,true,0,0.336884010419026,0.0,3.7334000000000023,462.58300000000025,33.0,424.2790000000003,6.0,2.0,7.0,7.0,0.0,4.0,4.0,110.13000000000002,0.0,0.0,C26H38O7,834.4970352228033,3.0,0.0,0.37142857142857144,0.1923076923076923,0.37142857142857144,0.30508474576271183,0.2753623188405797,0.37142857142857144,0.37142857142857144,1.0,1.1021909713745117
2568,REINFORCE,EGFR,21,8,36.647640228271484,COc1ccc(-c2ccc(NC(=O)CN(C)C(=O)CCCc3cccc(C)c3)cc2)cn1,true,1,true,0,0.5420506436433492,0.0,4.485420000000004,431.5360000000002,32.0,402.3040000000002,4.0,1.0,6.0,9.0,3.0,0.0,3.0,71.53,0.0,0.0,C26H29N3O3,1046.6720730350464,4.0,0.0,0.44285714285714284,0.28846153846153844,0.44285714285714284,0.38983050847457623,0.4057971014492754,0.44285714285714284,0.44285714285714284,1.0,1.1021909713745117
2569,REINFORCE,EGFR,21,9,36.647640228271484,CC(CCCCCCCC=C1C=CC(C(C)C)OC1)C(=CC=Cc1ccccc1)C(=O)O,true,1,true,0,0.19649368428093889,0.0,7.615000000000009,436.6360000000002,32.0,396.3160000000002,2.0,1.0,3.0,13.0,1.0,1.0,2.0,46.53,0.0,0.0,C29H40O3,798.9506966475327,10.0,0.0,0.2857142857142857,0.17307692307692313,0.2857142857142857,0.23728813559322037,0.23188405797101452,0.2857142857142857,0.2857142857142857,1.0,1.1021909713745117
2570,REINFORCE,EGFR,21,10,36.647640228271484,CCOC(=O)NCCCCn1c(C=Cc2ccc(OC)cc2F)nnc1-c1ccncc1,true,1,true,0,0.4766314162124483,0.0,4.184500000000003,439.49100000000016,32.0,413.2830000000002,7.0,1.0,9.0,10.0,3.0,0.0,3.0,91.16,0.0,0.0,C23H26FN5O3,1053.0403522617466,5.0,1.0,0.33333333333333337,0.1923076923076923,0.3285714285714286,0.288135593220339,0.33333333333333337,0.33333333333333337,0.33333333333333337,1.0,1.1021909713745117
2571,REINFORCE,EGFR,21,11,36.647640228271484,COCCN(C)Cc1cnc(C)nc1Nc1ccccc1F,true,1,true,0,0.852153006346559,0.0,2.745920000000001,304.369,22.0,283.20099999999996,5.0,1.0,6.0,7.0,2.0,0.0,2.0,50.28,0.0,0.0,C16H21FN4O,620.8448432077008,5.0,1.0,0.28985507246376807,0.25,0.22857142857142854,0.23728813559322037,0.28985507246376807,0.28985507246376807,0.28985507246376807,1.0,1.1021909713745117
2572,REINFORCE,EGFR,21,12,36.647640228271484,CC(=O)Nc1ccc(NC(=O)CN(Cc2ccc([N+](=O)[O-])cc2)C(=O)CC#N)cc1,true,1,true,0,0.5057264961243589,0.0,2.4341800000000005,409.40200000000016,30.0,390.2500000000002,6.0,2.0,10.0,8.0,2.0,0.0,2.0,145.44,0.0,0.0,C20H19N5O5,980.1419328561323,4.0,0.0,0.34782608695652173,0.2692307692307693,0.34285714285714286,0.3220338983050848,0.34782608695652173,0.34782608695652173,0.34782608695652173,1.0,1.1021909713745117
2573,REINFORCE,EGFR,21,13,36.647640228271484,CCc1ccc(CCNC(=O)c2ccc(OC)c(S(=O)(=O)N3CCCCCC3)c2)c(OCCF)c1,true,1,true,0,0.49516277601571457,0.0,4.143100000000004,506.64000000000044,35.0,471.3600000000003,5.0,1.0,9.0,11.0,2.0,1.0,3.0,84.94,0.0,0.0,C26H35FN2O5S,1098.9161457124578,3.0,1.0,0.3571428571428571,0.2692307692307693,0.3571428571428571,0.35593220338983056,0.3188405797101449,0.3571428571428571,0.3571428571428571,1.0,1.1021909713745117
2574,REINFORCE,EGFR,21,14,36.647640228271484,NC(=S)NCCOCCn1ccnc1,true,1,true,0,0.5040558651142821,0.0,-0.2670999999999999,214.294,14.0,200.182,4.0,2.0,6.0,6.0,1.0,0.0,1.0,65.1,0.0,0.0,C8H14N4OS,262.31481245752315,7.0,0.0,0.22033898305084743,0.1923076923076923,0.2142857142857143,0.22033898305084743,0.18840579710144922,0.22033898305084743,0.22033898305084743,1.0,1.1021909713745117
2575,REINFORCE,EGFR,21,15,36.647640228271484,O=C(NN1CCCC1Cc1ccc(CO)nc1)c1cccc(Cl)c1,true,1,true,0,0.8738016981507872,0.0,2.5792,345.83000000000004,24.0,325.67,4.0,2.0,6.0,5.0,2.0,1.0,3.0,65.46000000000001,0.0,0.0,C18H20ClN3O2,705.6649903450678,2.0,0.0,0.34285714285714286,0.2692307692307693,0.34285714285714286,0.23728813559322037,0.3188405797101449,0.34285714285714286,0.34285714285714286,1.0,1.1021909713745117
2576,REINFORCE,EGFR,21,16,36.647640228271484,COc1cc(C2C(C(=O)O)C(=O)Nc3c(cc(OC)c(Cl)c3Cl)C2C(=O)O)cc(OC)c1O,true,1,true,0,0.4379378385909236,0.0,3.329700000000001,500.28700000000026,33.0,481.1350000000002,7.0,4.0,12.0,6.0,2.0,1.0,3.0,151.62,0.0,0.0,C21H19Cl2NO9,1126.0357453661372,1.0,0.0,0.3389830508474576,0.3076923076923077,0.30000000000000004,0.3389830508474576,0.2753623188405797,0.3389830508474576,0.3389830508474576,1.0,1.1021909713745117
2577,REINFORCE,EGFR,21,17,36.647640228271484,OCC(O)CNc1cccc2cccnc12,true,1,true,0,0.7159712067086164,0.0,0.9999,218.25600000000003,16.0,204.14399999999998,4.0,3.0,4.0,4.0,2.0,0.0,2.0,65.38,0.0,0.0,C12H14N2O2,468.0303431928721,4.0,0.0,0.24637681159420288,0.21153846153846156,0.22857142857142854,0.2033898305084746,0.24637681159420288,0.24637681159420288,0.24637681159420288,1.0,1.1021909713745117
2578,REINFORCE,EGFR,21,18,36.647640228271484,Cc1ccc2c(c1)C=C1C(=O)C(C)(C)C(=O)CC1S2,true,1,true,0,0.6786111316584714,0.0,3.4208200000000017,272.36899999999997,19.0,256.24099999999993,3.0,0.0,3.0,0.0,1.0,2.0,3.0,34.14,0.0,0.0,C16H16O2S,625.6361459439581,0.0,0.0,0.38983050847457623,0.3846153846153846,0.3285714285714286,0.38983050847457623,0.30434782608695654,0.38983050847457623,0.38983050847457623,1.0,1.1021909713745117
2579,REINFORCE,EGFR,21,19,36.647640228271484,COCCN(C(=O)NC1CCC(N2Cc3cnn(C)c3CCc3ccccc32)CC1)C1CCC1,true,1,true,0,0.6992846275164306,0.0,4.047000000000003,465.6420000000004,34.0,426.3300000000003,5.0,1.0,7.0,6.0,2.0,3.0,5.0,62.63,0.0,0.0,C27H39N5O2,977.1501067161689,4.0,0.0,0.42028985507246375,0.3076923076923077,0.37142857142857144,0.3389830508474576,0.42028985507246375,0.42028985507246375,0.42028985507246375,1.0,1.1021909713745117
2580,REINFORCE,EGFR,21,20,36.647640228271484,COc1cc(C(=O)c2ccc3c(c2)C(N2CCOCC2)C(=O)NC(=S)N3)cc(OC)c1OC,true,1,true,0,0.4850112451025121,0.0,2.1433,471.5350000000002,33.0,446.3350000000002,8.0,2.0,10.0,6.0,2.0,2.0,4.0,98.36,0.0,0.0,C23H25N3O6S,1074.5945830168487,2.0,0.0,0.5254237288135593,0.2692307692307693,0.3571428571428571,0.5254237288135593,0.34782608695652173,0.5254237288135593,0.5254237288135593,1.0,1.1021909713745117
2581,REINFORCE,EGFR,21,21,36.647640228271484,CCSCc1nn2nc(C(=O)N3CCOC(c4nc(C)no4)C3)c(C)c2s1,true,1,true,0,0.6339037392698512,0.0,2.25744,408.5090000000002,27.0,388.34900000000016,10.0,0.0,11.0,5.0,3.0,1.0,4.0,98.65,0.0,0.0,C16H20N6O3S2,964.8214609246581,3.0,0.0,0.3571428571428571,0.2692307692307693,0.3571428571428571,0.30508474576271183,0.34782608695652173,0.3571428571428571,0.3571428571428571,1.0,1.1021909713745117
2582,REINFORCE,EGFR,21,22,36.647640228271484,CC1(O)CC(O)C23COC2(C)C(C)(C(=O)O)CC(Cl)C3C1O,true,1,true,0,0.5156645446633057,0.0,0.35639999999999966,334.796,22.0,311.612,5.0,4.0,7.0,1.0,0.0,3.0,3.0,107.22,0.0,0.0,C15H23ClO6,524.1620616288109,1.0,0.0,0.4067796610169492,0.3076923076923077,0.34285714285714286,0.4067796610169492,0.2753623188405797,0.4067796610169492,0.4067796610169492,1.0,1.1021909713745117
2583,REINFORCE,EGFR,21,23,36.647640228271484,CC1C(O)CC2OC(C)(C)OCC21,true,1,true,0,0.6165820742130563,0.0,1.1547999999999998,186.25099999999998,13.0,168.10699999999997,3.0,1.0,3.0,0.0,0.0,2.0,2.0,38.69,0.0,0.0,C10H18O3,202.34653910483814,0.0,0.0,0.3220338983050848,0.25,0.27142857142857146,0.3220338983050848,0.23188405797101452,0.3220338983050848,0.3220338983050848,1.0,1.1021909713745117
2584,REINFORCE,EGFR,21,24,36.647640228271484,O=C1C=C(Nc2ccc3[nH]ncc3c2)CCO1,true,1,true,0,0.7704958050282404,0.0,1.8055999999999996,229.23899999999998,17.0,218.15099999999995,4.0,2.0,5.0,2.0,2.0,1.0,3.0,67.01,0.0,0.0,C12H11N3O2,600.5714778520378,2.0,0.0,0.28985507246376807,0.28846153846153844,0.27142857142857146,0.23728813559322037,0.28985507246376807,0.28985507246376807,0.28985507246376807,1.0,1.1021909713745117
2585,REINFORCE,EGFR,21,25,36.647640228271484,C1C2(C)OOC3OC(OC)CCC34C(C(OC)=O)CC3(OO5)C(O)CCC3C1C2C4=C,false,0,true,0,0.0,0.0,0.0,0.0,0.0,0.0,0.0,0.0,0.0,0.0,0.0,0.0,0.0,0.0,0.0,0.0,0.0,0.0,0.0,0.0,0.0,0.0,0.0,0.0,0.0,1e-06,1e-06,1.0,1.1021909713745117
2586,REINFORCE,EGFR,21,26,36.647640228271484,CCOC(=O)CC1CC=C(c2cc(C(=O)N3CCC(C)CC3)no2)CC1,true,1,true,0,0.7490241912438763,0.0,3.6834000000000024,360.4540000000002,26.0,332.2300000000001,5.0,0.0,6.0,5.0,1.0,2.0,3.0,72.64000000000001,0.0,0.0,C20H28N2O4,671.1059876364806,2.0,0.0,0.41428571428571426,0.28846153846153844,0.41428571428571426,0.3728813559322034,0.3188405797101449,0.41428571428571426,0.41428571428571426,1.0,1.1021909713745117
2587,REINFORCE,EGFR,21,27,36.647640228271484,CCOC(=O)c1cc2c(NC(=O)C3CCCCC3)c(O)ccc2oc1=O,true,1,true,0,0.4932536084102588,0.0,3.1941000000000015,359.37800000000004,26.0,338.2100000000001,6.0,2.0,7.0,4.0,2.0,1.0,3.0,105.84,0.0,0.0,C19H21NO6,894.7728673889605,1.0,0.0,0.3857142857142857,0.23076923076923073,0.3857142857142857,0.3728813559322034,0.34782608695652173,0.3857142857142857,0.3857142857142857,1.0,1.1021909713745117
2588,REINFORCE,EGFR,21,28,36.647640228271484,O=C(NCCCN1CCCCC1)c1ccc(Br)cc1,true,1,true,0,0.8441293102809423,0.0,3.0549000000000017,325.25,19.0,304.082,2.0,1.0,4.0,5.0,1.0,1.0,2.0,32.34,0.0,0.0,C15H21BrN2O,399.1115306159859,4.0,0.0,0.30000000000000004,0.23076923076923073,0.30000000000000004,0.2542372881355932,0.24637681159420288,0.30000000000000004,0.30000000000000004,1.0,1.1021909713745117
2589,REINFORCE,EGFR,21,29,36.647640228271484,C1CN(CCn2cc(CNc3nc(N)nc4n5c(nc53)CCCC5)ccc4)cc2)CC1,false,0,true,0,0.0,0.0,0.0,0.0,0.0,0.0,0.0,0.0,0.0,0.0,0.0,0.0,0.0,0.0,0.0,0.0,0.0,0.0,0.0,0.0,0.0,0.0,0.0,0.0,0.0,1e-06,1e-06,1.0,1.1021909713745117
2590,REINFORCE,EGFR,21,30,36.647640228271484,CC(C)COC(=O)Cc1ccc(N2CCC(C)CC2)nc1,true,1,true,0,0.7816775355270607,0.0,3.0596000000000014,290.407,21.0,264.19899999999996,4.0,0.0,4.0,5.0,1.0,1.0,2.0,42.43,0.0,0.0,C17H26N2O2,448.3628417120062,2.0,0.0,0.38983050847457623,0.25,0.3571428571428571,0.38983050847457623,0.2753623188405797,0.38983050847457623,0.38983050847457623,1.0,1.1021909713745117
2591,REINFORCE,EGFR,21,31,36.647640228271484,Cc1cnc(NC2CCNCC2)nc1-c1ccc(C(=N)N)o1,true,1,true,0,0.5024761563741826,0.0,1.4929899999999998,300.366,22.0,280.206,6.0,4.0,7.0,4.0,2.0,1.0,3.0,112.85,0.0,0.0,C15H20N6O,674.4222377014819,2.0,0.0,0.3653846153846154,0.3653846153846154,0.3285714285714286,0.30508474576271183,0.28985507246376807,0.3653846153846154,0.3653846153846154,1.0,1.1021909713745117
2592,REINFORCE,EGFR,21,32,36.647640228271484,O=C1c2ccccc2C(=O)N1C1CCCc2ccccc21,true,1,true,0,0.7494833781296365,0.0,3.3602000000000016,277.323,21.0,262.203,2.0,0.0,3.0,1.0,2.0,2.0,4.0,37.38,0.0,0.0,C18H15NO2,715.3884755011505,1.0,0.0,0.3285714285714286,0.28846153846153844,0.3285714285714286,0.3220338983050848,0.2753623188405797,0.3285714285714286,0.3285714285714286,1.0,1.1021909713745117
2593,REINFORCE,EGFR,21,33,36.647640228271484,O=C(CN1CCCNC1=S)N1CC=C(Cc2ccccc2)CC1,true,1,true,0,0.6766530237259502,0.0,1.968,329.46900000000005,23.0,306.2850000000001,2.0,1.0,5.0,4.0,1.0,2.0,3.0,35.580000000000005,0.0,0.0,C18H23N3OS,599.544078143796,2.0,0.0,0.3285714285714286,0.23076923076923073,0.3285714285714286,0.22033898305084743,0.30434782608695654,0.3285714285714286,0.3285714285714286,1.0,1.1021909713745117
2594,REINFORCE,EGFR,21,34,36.647640228271484,CC(=O)Nc1ccc2[nH]c(CN(CC(=O)N3CCN(c4nc(C)c(Br)s4)C3)CC3CCCOC3)nc2c1,true,1,true,0,0.4132849464009485,0.0,3.5836200000000025,590.548,37.0,558.2920000000001,8.0,2.0,12.0,8.0,3.0,2.0,5.0,106.69,0.0,0.0,C25H32BrN7O3S,1252.9441593397464,6.0,0.0,0.34782608695652173,0.15384615384615385,0.34285714285714286,0.23728813559322037,0.34782608695652173,0.34782608695652173,0.34782608695652173,1.0,1.1021909713745117
2595,REINFORCE,EGFR,21,35,36.647640228271484,C=C(C)C=CC(=O)OCC1=CC(=O)c2ccccc2C1=O,true,1,true,0,0.48370916239092876,0.0,2.6675000000000013,282.295,21.0,268.18299999999994,4.0,0.0,4.0,4.0,1.0,1.0,2.0,60.440000000000005,0.0,0.0,C17H14O4,692.4965886147797,2.0,0.0,0.2857142857142857,0.21153846153846156,0.2857142857142857,0.2542372881355932,0.2753623188405797,0.2857142857142857,0.2857142857142857,1.0,1.1021909713745117
2596,REINFORCE,EGFR,21,36,36.647640228271484,C=CC(CN1C(C(N2CCN(CC(N3CCN(C)CC3)=O)CC2)NC(c2ccc(-c3cnc(O)nc3N)cc2)=O)CS(C)(=O)=O)CC1)O,false,0,true,0,0.0,0.0,0.0,0.0,0.0,0.0,0.0,0.0,0.0,0.0,0.0,0.0,0.0,0.0,0.0,0.0,0.0,0.0,0.0,0.0,0.0,0.0,0.0,0.0,0.0,1e-06,1e-06,1.0,1.1021909713745117
2597,REINFORCE,EGFR,21,37,36.647640228271484,CCOC(=O)c1sc(NC(=O)CN2CCN(C(C)=O)CC2)nc1C,true,1,true,0,0.7840223514784745,0.0,0.7308199999999998,354.43200000000013,24.0,332.2560000000001,7.0,1.0,9.0,5.0,1.0,1.0,2.0,91.84,0.0,0.0,C15H22N4O4S,622.9902806157794,2.0,0.0,0.423728813559322,0.25,0.37142857142857144,0.423728813559322,0.33333333333333337,0.423728813559322,0.423728813559322,1.0,1.1021909713745117
2598,REINFORCE,EGFR,21,38,36.647640228271484,CCN(CC)S(=O)(=O)c1ccc(NCc2nnc(S)n2-c2nonc2N)cc1,true,1,true,0,0.4534824136247322,0.0,1.1638,424.5120000000001,28.0,404.3520000000001,11.0,3.0,13.0,8.0,3.0,0.0,3.0,145.06,0.0,0.0,C15H20N8O3S2,1041.6828629533368,4.0,0.0,0.30434782608695654,0.1923076923076923,0.27142857142857146,0.288135593220339,0.30434782608695654,0.30434782608695654,0.30434782608695654,1.0,1.1021909713745117
2599,REINFORCE,EGFR,21,39,36.647640228271484,CCNC(=O)NCC(=O)NN=C(C)Cl,true,1,true,0,0.46025249556513864,0.0,-0.006100000000000161,220.66,14.0,207.55599999999998,3.0,3.0,7.0,4.0,0.0,0.0,0.0,82.59,0.0,0.0,C7H13ClN4O2,237.84429394313943,2.0,0.0,0.30508474576271183,0.25,0.24285714285714288,0.30508474576271183,0.21739130434782605,0.30508474576271183,0.30508474576271183,1.0,1.1021909713745117
2600,REINFORCE,EGFR,21,40,36.647640228271484,COc1ccccc1N1CCN(C(=O)Nc2ccc(C)c(C)c2O)CC1,true,1,true,0,0.8287619596803817,0.0,3.3717400000000017,355.43800000000016,26.0,330.2380000000001,4.0,2.0,6.0,3.0,2.0,1.0,3.0,65.04,0.0,0.0,C20H25N3O3,798.883570066288,1.0,0.0,0.42307692307692313,0.42307692307692313,0.3571428571428571,0.35593220338983056,0.37681159420289856,0.42307692307692313,0.42307692307692313,1.0,1.1021909713745117
2601,REINFORCE,EGFR,21,41,36.647640228271484,COc1ccc(-c2nc(C(=O)NCCN(C)C)cc3c(OC)c(OC)c(OC)cc23)cc1,true,1,true,0,0.5481436027573029,0.0,3.2276000000000016,439.5120000000002,32.0,410.28000000000026,7.0,1.0,8.0,9.0,3.0,0.0,3.0,82.15,0.0,0.0,C24H29N3O5,1097.2252605340077,3.0,0.0,0.4492753623188406,0.3076923076923077,0.37142857142857144,0.3389830508474576,0.4492753623188406,0.4492753623188406,0.4492753623188406,1.0,1.1021909713745117
2602,REINFORCE,EGFR,21,42,36.647640228271484,COC(=O)C1(Cc2ccccc2COC(C)=O)C2CC(c3ccc(N(C)C)cc3C)OC(=O)C21,true,1,true,0,0.45484616330266614,0.0,3.760220000000003,465.5460000000003,34.0,434.2980000000003,7.0,0.0,7.0,7.0,2.0,2.0,4.0,82.14000000000001,0.0,0.0,C27H31NO6,1125.8534376014566,3.0,0.0,0.42028985507246375,0.21153846153846156,0.41428571428571426,0.30508474576271183,0.42028985507246375,0.42028985507246375,0.42028985507246375,1.0,1.1021909713745117
2603,REINFORCE,EGFR,21,43,36.647640228271484,Cc1cc(C)cc(Oc2nsc(C(N)=O)c2-c2ccccc2)c1,true,1,true,0,0.7770754960964519,0.0,4.318140000000002,324.405,23.0,308.27700000000004,4.0,1.0,5.0,4.0,3.0,0.0,3.0,65.21000000000001,0.0,0.0,C18H16N2O2S,836.4630750329474,2.0,0.0,0.3728813559322034,0.34615384615384615,0.2857142857142857,0.3728813559322034,0.3623188405797102,0.3728813559322034,0.3728813559322034,1.0,1.1021909713745117
2604,REINFORCE,EGFR,21,44,36.647640228271484,COc1ccc(-n2cnnn2)cc1CC(=O)Nc1ccc(Cl)cc1Cl,true,1,true,0,0.7376993134123602,0.0,3.158900000000002,378.21900000000005,25.0,365.115,6.0,1.0,9.0,5.0,3.0,0.0,3.0,81.93,0.0,0.0,C16H13Cl2N5O2,899.5456623562935,2.0,0.0,0.34615384615384615,0.34615384615384615,0.2857142857142857,0.30508474576271183,0.33333333333333337,0.34615384615384615,0.34615384615384615,1.0,1.1021909713745117
2605,REINFORCE,EGFR,21,45,36.647640228271484,CC1CCC(NC(=O)Cn2nc3ccccc3c2NC(=S)c2ccccn2)CC1,true,1,true,0,0.6275657020251479,0.0,3.913800000000002,407.5430000000001,29.0,382.34300000000013,5.0,2.0,7.0,5.0,3.0,1.0,4.0,71.84,0.0,0.0,C22H25N5OS,1008.4743472783604,3.0,0.0,0.423728813559322,0.3076923076923077,0.3285714285714286,0.423728813559322,0.33333333333333337,0.423728813559322,0.423728813559322,1.0,1.1021909713745117
2606,REINFORCE,EGFR,21,46,36.647640228271484,COc1cccc(OC(=O)NN=Cc2ccccc2O)c1,true,1,true,0,0.6682498898169852,0.0,2.5233000000000008,286.28700000000003,21.0,272.175,5.0,2.0,6.0,4.0,2.0,0.0,2.0,80.15,0.0,0.0,C15H14N2O4,655.6268065019876,1.0,0.0,0.32692307692307687,0.32692307692307687,0.27142857142857146,0.3220338983050848,0.3188405797101449,0.32692307692307687,0.32692307692307687,1.0,1.1021909713745117
2607,REINFORCE,EGFR,21,47,36.647640228271484,O=C1Cn2c(nnc(-c3ccc(Cl)cc3)c2=O)CCN1CC1CC1,true,1,true,0,0.8504008213339916,0.0,1.7534,344.80200000000025,24.0,327.6660000000001,5.0,0.0,7.0,3.0,2.0,2.0,4.0,68.08999999999999,0.0,0.0,C17H17ClN4O2,842.6593140680299,2.0,0.0,0.5576923076923077,0.5576923076923077,0.3571428571428571,0.38983050847457623,0.4057971014492754,0.5576923076923077,0.5576923076923077,1.0,1.1021909713745117
2608,REINFORCE,EGFR,21,48,36.647640228271484,CN1C2CCC1CN(S(=O)(=O)c1ccccc1)C2,true,1,true,0,0.8061513404096027,0.0,1.1537,266.36600000000004,18.0,248.22199999999995,3.0,0.0,5.0,2.0,1.0,2.0,3.0,40.620000000000005,0.0,0.0,C13H18N2O2S,515.1820427859632,2.0,0.0,0.27118644067796616,0.2692307692307693,0.2571428571428571,0.27118644067796616,0.23188405797101452,0.27118644067796616,0.27118644067796616,1.0,1.1021909713745117
2609,REINFORCE,EGFR,21,49,36.647640228271484,CC1CN(C(=O)c2cc(N3CCOC3=O)on2)C(C)C(C)(C)O1,true,1,true,0,0.822652573236979,0.0,1.6592,323.34900000000005,23.0,302.18100000000004,6.0,0.0,8.0,2.0,1.0,2.0,3.0,85.11,0.0,0.0,C15H21N3O5,626.3834651133461,1.0,0.0,0.44067796610169496,0.28846153846153844,0.3285714285714286,0.44067796610169496,0.33333333333333337,0.44067796610169496,0.44067796610169496,1.0,1.1021909713745117
2610,REINFORCE,EGFR,21,50,36.647640228271484,CCCN=C1SCN2CCCCC12,true,1,true,0,0.6766414492504063,0.0,2.353700000000001,198.33499999999992,13.0,180.19099999999997,3.0,0.0,3.0,2.0,0.0,2.0,2.0,15.6,0.0,0.0,C10H18N2S,203.10142660700163,2.0,0.0,0.23076923076923073,0.23076923076923073,0.18571428571428572,0.2033898305084746,0.18840579710144922,0.23076923076923073,0.23076923076923073,1.0,1.1021909713745117
2611,REINFORCE,EGFR,21,51,36.647640228271484,CC(=O)C=C1CCC(C=NNC(N)=O)CC1,true,1,true,0,0.42965609651860925,0.0,1.3461,223.27599999999995,16.0,206.13999999999996,3.0,2.0,5.0,3.0,0.0,1.0,1.0,84.55000000000001,0.0,0.0,C11H17N3O2,324.1213765704842,1.0,0.0,0.34285714285714286,0.23076923076923073,0.34285714285714286,0.3220338983050848,0.23188405797101452,0.34285714285714286,0.34285714285714286,1.0,1.1021909713745117
2612,REINFORCE,EGFR,21,52,36.647640228271484,CCCCN1C(C)=NC(C(=O)N(C)Cc2cc(C)n(C)c2C)=CC1c1ccc(N)cc1,true,1,true,0,0.6763636501883182,0.0,4.341840000000003,421.5890000000001,31.0,386.3090000000002,5.0,1.0,6.0,7.0,2.0,1.0,3.0,66.86,0.0,0.0,C25H35N5O,999.6648433285986,3.0,0.0,0.34285714285714286,0.1923076923076923,0.34285714285714286,0.30508474576271183,0.30434782608695654,0.34285714285714286,0.34285714285714286,1.0,1.1021909713745117
2613,REINFORCE,EGFR,21,53,36.647640228271484,C#CCNC(=O)c1nc(-c2ccc(CN3C(=O)CCCC3C(=O)O)cc2OC)oc1C,true,1,true,0,0.6506509596566054,0.0,1.9873199999999998,425.4410000000002,31.0,402.25700000000023,6.0,2.0,9.0,7.0,2.0,1.0,3.0,121.97000000000001,0.0,0.0,C22H23N3O6,1052.0010557895837,2.0,0.0,0.4285714285714286,0.28846153846153844,0.4285714285714286,0.423728813559322,0.4057971014492754,0.4285714285714286,0.4285714285714286,1.0,1.1021909713745117
2614,REINFORCE,EGFR,21,54,36.647640228271484,CCN(CC)C(=O)C1c2ccccc2-c2cnccc21,true,1,true,0,0.8550993077558021,0.0,3.0623000000000014,266.34400000000005,20.0,248.19999999999993,2.0,0.0,3.0,3.0,2.0,1.0,3.0,33.2,0.0,0.0,C17H18N2O,601.4431931542531,2.0,0.0,0.2753623188405797,0.1923076923076923,0.22857142857142854,0.27118644067796616,0.2753623188405797,0.2753623188405797,0.2753623188405797,1.0,1.1021909713745117
2615,REINFORCE,EGFR,21,55,36.647640228271484,COC(=O)C(C)c1ccc(C(CC(=O)Nc2nc3c(s2)CCNCC3)c2ccc(C)s2)cc1,true,1,true,0,0.4788058217251749,0.0,4.6384200000000035,483.6590000000003,33.0,454.42700000000025,7.0,2.0,8.0,7.0,3.0,1.0,4.0,80.32000000000001,0.0,0.0,C25H29N3O3S2,1096.878089330758,4.0,0.0,0.37142857142857144,0.1923076923076923,0.37142857142857144,0.35593220338983056,0.3188405797101449,0.37142857142857144,0.37142857142857144,1.0,1.1021909713745117
2616,REINFORCE,EGFR,21,56,36.647640228271484,CC(=NNC(=O)CSc1nnc(Cl)s1)c1cccs1,true,1,true,0,0.5191163707316936,0.0,2.8855000000000013,332.86300000000006,19.0,323.79100000000005,7.0,1.0,9.0,5.0,2.0,0.0,2.0,67.24000000000001,0.0,0.0,C10H9ClN4OS3,581.3738991901967,3.0,0.0,0.27118644067796616,0.25,0.2571428571428571,0.27118644067796616,0.24637681159420288,0.27118644067796616,0.27118644067796616,1.0,1.1021909713745117
2617,REINFORCE,EGFR,21,57,36.647640228271484,CCCCCNC(=O)NC1C(=O)c2c(C)c(OC)c(C)c(C)c2OC1OC,true,1,true,0,0.712508397326748,0.0,3.026060000000001,378.46900000000016,27.0,348.22900000000016,5.0,2.0,7.0,7.0,1.0,1.0,2.0,85.89000000000001,0.0,0.0,C20H30N2O5,717.0590012152572,4.0,0.0,0.3623188405797102,0.23076923076923073,0.34285714285714286,0.3389830508474576,0.3623188405797102,0.3623188405797102,0.3623188405797102,1.0,1.1021909713745117
2618,REINFORCE,EGFR,21,58,36.647640228271484,COc1ccc(C(=O)NCc2nnc(-c3cnc(C)cn3)o2)cc1OC,true,1,true,0,0.7119257434460967,0.0,1.7822199999999997,355.3540000000001,26.0,338.21800000000013,8.0,1.0,9.0,6.0,3.0,0.0,3.0,112.26,0.0,0.0,C17H17N5O4,907.7716331230617,2.0,0.0,0.38983050847457623,0.34615384615384615,0.2857142857142857,0.38983050847457623,0.3623188405797102,0.38983050847457623,0.38983050847457623,1.0,1.1021909713745117
2619,REINFORCE,EGFR,21,59,36.647640228271484,COc1cc(-c2cccc(NC(=O)CN3CCN(C)CC3)c2)c2c(N)nccc2c1OC(C)C,true,1,true,0,0.5542249558957948,0.0,3.465700000000001,463.5820000000003,34.0,430.3180000000002,7.0,2.0,8.0,7.0,3.0,1.0,4.0,92.95,0.0,0.0,C26H33N5O3,1172.554984812762,2.0,0.0,0.41428571428571426,0.32692307692307687,0.41428571428571426,0.27118644067796616,0.3913043478260869,0.41428571428571426,0.41428571428571426,1.0,1.1021909713745117
2620,REINFORCE,EGFR,21,60,36.647640228271484,COc1cc2nc(-c3ccccc3)n(NC(=O)c3ccccc3)c(=O)c2cc1OC,true,1,true,0,0.5537855300036292,0.0,3.4646000000000017,401.4220000000002,30.0,382.2700000000002,6.0,1.0,7.0,5.0,4.0,0.0,4.0,82.45,0.0,0.0,C23H19N3O4,1268.6190604503408,1.0,0.0,0.5,0.5,0.4,0.3389830508474576,0.4057971014492754,0.5,0.5,1.0,1.1021909713745117
2621,REINFORCE,EGFR,21,61,36.647640228271484,CSCCC(C(=O)NCC(N)C(=O)O)C(=O)OCCc1ccccc1,true,1,true,0,0.38787861517670774,0.0,0.6697000000000009,368.4550000000001,25.0,344.26300000000015,6.0,3.0,8.0,11.0,1.0,0.0,1.0,118.72000000000001,0.0,0.0,C17H24N2O5S,567.4164509147137,5.0,0.0,0.35593220338983056,0.3076923076923077,0.27142857142857146,0.35593220338983056,0.26086956521739135,0.35593220338983056,0.35593220338983056,1.0,1.1021909713745117
2622,REINFORCE,EGFR,21,62,36.647640228271484,O=C(NNS(=O)(=O)c1ccc2c(c1)OCCO2)c1c2ccccc2nc2ccccc12,true,1,true,0,0.3771559189142718,0.0,2.7825000000000006,435.4610000000001,31.0,418.3250000000003,6.0,2.0,9.0,4.0,4.0,1.0,5.0,106.62000000000002,0.0,0.0,C22H17N3O5S,1382.0692797503366,3.0,0.0,0.34782608695652173,0.17307692307692313,0.2571428571428571,0.23728813559322037,0.34782608695652173,0.34782608695652173,0.34782608695652173,1.0,1.1021909713745117
2623,REINFORCE,EGFR,21,63,36.647640228271484,CC1(C)CC(=O)C(CC2CCCCC2)(C(=O)OCCOC(=O)CC(NC(=O)c2cccc(Cl)c2)C(=O)O)C(=O)C1,true,1,true,0,0.22619202977174602,0.0,3.914500000000002,578.0580000000001,40.0,541.7700000000003,8.0,2.0,11.0,11.0,1.0,2.0,3.0,153.14,0.0,0.0,C29H36ClNO9,1135.9137078446308,4.0,0.0,0.2857142857142857,0.0,0.2857142857142857,0.1694915254237288,0.23188405797101452,0.2857142857142857,0.2857142857142857,1.0,1.1021909713745117
2624,REINFORCE,EGFR,21,64,36.647640228271484,O=S(=O)(CCN1C(=O)N2CCCCCC2C1=O)(=O)OCC,false,0,true,0,0.0,0.0,0.0,0.0,0.0,0.0,0.0,0.0,0.0,0.0,0.0,0.0,0.0,0.0,0.0,0.0,0.0,0.0,0.0,0.0,0.0,0.0,0.0,0.0,0.0,1e-06,1e-06,1.0,1.1021909713745117
2625,REINFORCE,EGFR,21,65,36.647640228271484,COc1ccc(C(=O)NS(=O)(=O)c2ccc(C)cc2Br)c(OC)c1,true,1,true,0,0.8139853885320704,0.0,2.8934200000000017,414.27700000000004,24.0,398.14900000000006,5.0,1.0,8.0,5.0,2.0,0.0,2.0,81.7,0.0,0.0,C16H16BrNO5S,880.0316629286484,2.0,0.0,0.35593220338983056,0.34615384615384615,0.2857142857142857,0.35593220338983056,0.33333333333333337,0.35593220338983056,0.35593220338983056,1.0,1.1021909713745117
2626,REINFORCE,EGFR,21,66,36.647640228271484,CCN(CC)CCNC(=O)C1CN(C(=O)Nc2cccc(Cl)c2)CCCS1(=O)=O,true,1,true,0,0.6679046746818341,0.0,1.8190000000000008,444.98500000000024,29.0,415.75300000000016,5.0,2.0,10.0,7.0,1.0,1.0,2.0,98.82,0.0,0.0,C19H29ClN4O4S,814.1820930563003,5.0,0.0,0.30434782608695654,0.23076923076923073,0.2857142857142857,0.2542372881355932,0.30434782608695654,0.30434782608695654,0.30434782608695654,1.0,1.1021909713745117
2627,REINFORCE,EGFR,21,67,36.647640228271484,O=C(O)COc1ccc(CNCc2cc3ccccc3[nH]2)cc1,true,1,true,0,0.6270914949126389,0.0,2.921100000000001,310.353,23.0,292.209,3.0,3.0,5.0,7.0,3.0,0.0,3.0,74.35,0.0,0.0,C18H18N2O3,760.3917297953631,4.0,0.0,0.37681159420289856,0.25,0.30000000000000004,0.288135593220339,0.37681159420289856,0.37681159420289856,0.37681159420289856,1.0,1.1021909713745117
2628,REINFORCE,EGFR,21,68,36.647640228271484,CC1(O)C(=O)CCC2(C)C1C(=O)CCC2(C)CO,true,1,true,0,0.7341167711252464,0.0,1.0842999999999998,254.32599999999996,18.0,232.14999999999995,4.0,2.0,4.0,1.0,0.0,2.0,2.0,74.6,0.0,0.0,C14H22O4,400.5981721388677,1.0,0.0,0.4067796610169492,0.32692307692307687,0.3142857142857143,0.4067796610169492,0.2753623188405797,0.4067796610169492,0.4067796610169492,1.0,1.1021909713745117
2629,REINFORCE,EGFR,21,69,36.647640228271484,Cc1cnc(NC(=O)c2ccnc(-c3c(O)nn(C)c3C)c2)s1,true,1,true,0,0.7699730321342082,0.0,2.5133400000000004,329.38500000000005,23.0,314.26500000000004,7.0,2.0,8.0,3.0,3.0,0.0,3.0,92.93,0.0,0.0,C15H15N5O2S,883.8771361036712,1.0,0.0,0.44067796610169496,0.32692307692307687,0.30000000000000004,0.44067796610169496,0.3188405797101449,0.44067796610169496,0.44067796610169496,1.0,1.1021909713745117
2630,REINFORCE,EGFR,21,70,36.647640228271484,O=c1nc2ccc(F)cc2cn1C1OC(C2=CC(O)C(C(O)CCO)O2)CS1(=O)=O,true,1,true,0,0.540672660874245,0.0,-0.8077999999999999,442.4210000000002,30.0,423.2690000000002,10.0,3.0,12.0,5.0,2.0,2.0,4.0,148.18,0.0,0.0,C18H19FN2O8S,1164.4758253482532,3.0,1.0,0.30508474576271183,0.25,0.30000000000000004,0.30508474576271183,0.26086956521739135,0.30508474576271183,0.30508474576271183,1.0,1.1021909713745117
2631,REINFORCE,EGFR,21,71,36.647640228271484,O=C1CNCCN1CCOc1cccc(N(Cc2ccccc2)C(=O)C=Cc2cccc([N+](=O)[O-])c2)c1,true,1,true,0,0.25887217891453806,0.0,3.652000000000002,500.55500000000023,37.0,472.33100000000036,6.0,1.0,9.0,10.0,3.0,1.0,4.0,105.02000000000001,0.0,0.0,C28H28N4O5,1278.3288459200003,4.0,0.0,0.34285714285714286,0.17307692307692313,0.34285714285714286,0.2033898305084746,0.2753623188405797,0.34285714285714286,0.34285714285714286,1.0,1.1021909713745117
2632,REINFORCE,EGFR,21,72,36.647640228271484,COc1ccc(NC(C)=O)c2nc(Cc3ccnc(Cl)c3)[nH]c12,true,1,true,0,0.7199933215482275,0.0,3.169100000000001,330.77500000000003,23.0,315.65500000000003,4.0,2.0,7.0,4.0,3.0,0.0,3.0,79.9,0.0,0.0,C16H15ClN4O2,875.6427810556634,2.0,0.0,0.32692307692307687,0.32692307692307687,0.2857142857142857,0.3220338983050848,0.3188405797101449,0.32692307692307687,0.32692307692307687,1.0,1.1021909713745117
2633,REINFORCE,EGFR,21,73,36.647640228271484,CCCc1cc(-c2ccc(NC)nc2)n[nH]1,true,1,true,0,0.8250662782767448,0.0,2.4658999999999995,216.288,16.0,200.15999999999997,3.0,2.0,4.0,4.0,2.0,0.0,2.0,53.6,0.0,0.0,C12H16N4,444.2972494632455,2.0,0.0,0.3188405797101449,0.3076923076923077,0.27142857142857146,0.2542372881355932,0.3188405797101449,0.3188405797101449,0.3188405797101449,1.0,1.1021909713745117
2634,REINFORCE,EGFR,21,74,36.647640228271484,CN1CCN(c2cc(Cl)c3nc(Cc4cc(-c5cnn6ccc(N)nc56)cnc4N)n(C)c3c2)CC1,true,1,true,0,0.3847600699273429,0.0,2.838400000000001,503.01400000000024,36.0,475.79800000000023,10.0,2.0,11.0,4.0,5.0,1.0,6.0,119.41999999999999,0.0,0.0,C25H27ClN10,1596.0493444071483,2.0,0.0,0.34782608695652173,0.17307692307692313,0.34285714285714286,0.27118644067796616,0.34782608695652173,0.34782608695652173,0.34782608695652173,1.0,1.1021909713745117
2635,REINFORCE,EGFR,21,75,36.647640228271484,COc1ccc(-c2nc3c(O)cc(-c4ccc(Cl)cc4)cn3n2)cc1,true,1,true,0,0.5928172881027937,0.0,4.430900000000003,351.793,25.0,337.6810000000001,5.0,1.0,6.0,3.0,4.0,0.0,4.0,59.650000000000006,0.0,0.0,C19H14ClN3O2,1040.903143390706,1.0,0.0,0.42028985507246375,0.3653846153846154,0.30000000000000004,0.3728813559322034,0.42028985507246375,0.42028985507246375,0.42028985507246375,1.0,1.1021909713745117
2636,REINFORCE,EGFR,21,76,36.647640228271484,CC(C)(C)c1ccc(Oc2ccnc(C#CC3(C(=O)O)CCOC3)c2)cn1,true,1,true,0,0.8386019613771305,0.0,3.409200000000002,366.41700000000014,27.0,344.2410000000001,5.0,1.0,6.0,3.0,2.0,1.0,3.0,81.54,0.0,0.0,C21H22N2O4,882.8781185064877,2.0,0.0,0.4915254237288136,0.28846153846153844,0.37142857142857144,0.4915254237288136,0.34782608695652173,0.4915254237288136,0.4915254237288136,1.0,1.1021909713745117
2637,REINFORCE,EGFR,21,77,36.647640228271484,CC(=O)c1ccc(S(=O)(=O)NC(=O)c2cc3c(s2)CCCCC3)cc1,true,1,true,0,0.6545166249000126,0.0,3.338300000000002,377.4870000000002,25.0,358.3350000000001,5.0,1.0,7.0,4.0,2.0,1.0,3.0,80.31,0.0,0.0,C18H19NO4S2,887.5527528912573,2.0,0.0,0.3728813559322034,0.34615384615384615,0.3285714285714286,0.3728813559322034,0.34782608695652173,0.3728813559322034,0.3728813559322034,1.0,1.1021909713745117
2638,REINFORCE,EGFR,21,78,36.647640228271484,CC(CN1CCN(C)CC1)c1cc(COCc2ccccc2C(=O)C(C)(C)C)ccc1O,true,1,true,0,0.6062438287653039,0.0,4.688700000000005,438.6120000000002,32.0,400.3080000000002,5.0,1.0,5.0,8.0,2.0,1.0,3.0,53.010000000000005,0.0,0.0,C27H38N2O3,911.3577467701778,4.0,0.0,0.38983050847457623,0.3076923076923077,0.34285714285714286,0.38983050847457623,0.34782608695652173,0.38983050847457623,0.38983050847457623,1.0,1.1021909713745117
2639,REINFORCE,EGFR,21,79,36.647640228271484,COc1cc(C(=N)N)ccc1Nc1ncnc2cc(-c3cccc(C(C)(C)C)c3)oc12,true,1,true,0,0.3042809701733314,0.0,5.223570000000004,415.49700000000024,31.0,390.29700000000025,6.0,3.0,7.0,5.0,4.0,0.0,4.0,110.05,0.0,0.0,C24H25N5O2,1270.6914351368841,2.0,0.0,0.423728813559322,0.3076923076923077,0.30000000000000004,0.423728813559322,0.33333333333333337,0.423728813559322,0.423728813559322,1.0,1.1021909713745117
2640,REINFORCE,EGFR,21,80,36.647640228271484,CCC(C)c1ccc(C(=O)C(C)OC(=O)c2ccccc2)cc1,true,1,true,0,0.5769659146038632,0.0,4.628300000000004,310.393,23.0,288.217,3.0,0.0,3.0,6.0,2.0,0.0,2.0,43.370000000000005,0.0,0.0,C20H22O3,659.0459585009484,3.0,0.0,0.37681159420289856,0.28846153846153844,0.3285714285714286,0.3728813559322034,0.37681159420289856,0.37681159420289856,0.37681159420289856,1.0,1.1021909713745117
2641,REINFORCE,EGFR,21,81,36.647640228271484,COc1ccc(C2COCc3c2cnn3-c2ccccc2)cc1Cl,true,1,true,0,0.7167259029861337,0.0,4.196400000000003,340.81000000000006,24.0,323.674,4.0,0.0,5.0,3.0,3.0,1.0,4.0,36.28,0.0,0.0,C19H17ClN2O2,861.0582773314771,1.0,0.0,0.34615384615384615,0.34615384615384615,0.22857142857142854,0.2542372881355932,0.33333333333333337,0.34615384615384615,0.34615384615384615,1.0,1.1021909713745117
2642,REINFORCE,EGFR,21,82,36.647640228271484,CCc1cnc(-n2cccn2)cc1CN1CCN(C(=O)Nc2cccc(C)n2)CC1,true,1,true,0,0.7061262404977565,0.0,2.8828200000000015,405.50600000000014,30.0,378.29000000000013,6.0,1.0,8.0,5.0,3.0,1.0,4.0,79.18,0.0,0.0,C22H27N7O,994.4804669310398,2.0,0.0,0.423728813559322,0.34615384615384615,0.4,0.423728813559322,0.37681159420289856,0.423728813559322,0.423728813559322,1.0,1.1021909713745117
2643,REINFORCE,EGFR,21,83,36.647640228271484,Cc1[nH]cnc1N=Nc1c(C)n(C)n(-c2ccc(Cl)cc2)c1=O,true,1,true,0,0.7445716324823264,0.0,3.584740000000002,330.77900000000005,23.0,315.65900000000005,6.0,1.0,8.0,3.0,3.0,0.0,3.0,80.33,0.0,0.0,C15H15ClN6O,932.0255871154825,1.0,0.0,0.40384615384615385,0.40384615384615385,0.30000000000000004,0.288135593220339,0.33333333333333337,0.40384615384615385,0.40384615384615385,1.0,1.1021909713745117
2644,REINFORCE,EGFR,21,84,36.647640228271484,CC(=O)NN=Cc1c[nH]c2cc(NC(=O)CN3CCCC3)ccc12,true,1,true,0,0.5763144893071747,0.0,1.6722,327.38800000000015,24.0,306.2200000000001,4.0,3.0,7.0,5.0,2.0,1.0,3.0,89.58999999999999,0.0,0.0,C17H21N5O2,774.3789243227121,2.0,0.0,0.423728813559322,0.3076923076923077,0.4,0.423728813559322,0.33333333333333337,0.423728813559322,0.423728813559322,1.0,1.1021909713745117
2645,REINFORCE,EGFR,21,85,36.647640228271484,Cn1ncc2cnc(NCc3ccc(NS(=O)(=O)c4ccc(C(C)(C)C)cc4CO)c(Cl)c3)c(Cl)c21,true,1,true,0,0.28241529792684555,0.0,5.4778000000000056,548.4960000000003,36.0,521.2800000000003,7.0,3.0,11.0,7.0,4.0,0.0,4.0,109.14,0.0,0.0,C25H27Cl2N5O3S,1545.573754549525,3.0,0.0,0.34285714285714286,0.25,0.34285714285714286,0.23728813559322037,0.2753623188405797,0.34285714285714286,0.34285714285714286,1.0,1.1021909713745117
2646,REINFORCE,EGFR,21,86,36.647640228271484,COc1cc(OC)c(-c2cn(-c3ccnc(C)c3C)nc2CC(C)C)cc1Cl,true,1,true,0,0.5548472368926558,0.0,5.420240000000006,399.92200000000014,28.0,373.71400000000017,5.0,0.0,6.0,6.0,3.0,0.0,3.0,49.17,0.0,0.0,C22H26ClN3O2,995.6872126741155,2.0,0.0,0.4067796610169492,0.40384615384615385,0.3142857142857143,0.4067796610169492,0.37681159420289856,0.4067796610169492,0.4067796610169492,1.0,1.1021909713745117
2647,REINFORCE,EGFR,21,87,36.647640228271484,CC(C)N1CCC(COc2ncc(-c3nc(C#N)cn3C3CCC(N)CC3)cc2F)CC1,true,1,true,0,0.7323468672164749,0.0,3.8974800000000025,440.5670000000003,32.0,407.30300000000017,7.0,1.0,8.0,6.0,2.0,2.0,4.0,92.99,0.0,0.0,C24H33FN6O,951.8844218433738,3.0,1.0,0.4571428571428572,0.2692307692307693,0.4571428571428572,0.3389830508474576,0.3623188405797102,0.4571428571428572,0.4571428571428572,1.0,1.1021909713745117
2648,REINFORCE,EGFR,21,88,36.647640228271484,Cc1occc1-c1ccc2c(c1)n(C(=O)OC(C)(C)C)c(=O)c1cccn12,true,1,true,0,0.49479174836763634,0.0,4.605820000000004,364.40100000000007,27.0,344.2410000000001,6.0,0.0,6.0,1.0,4.0,0.0,4.0,65.85000000000001,0.0,0.0,C21H20N2O4,1234.7594947695488,1.0,0.0,0.38983050847457623,0.28846153846153844,0.3285714285714286,0.38983050847457623,0.3188405797101449,0.38983050847457623,0.38983050847457623,1.0,1.1021909713745117
2649,REINFORCE,EGFR,21,89,36.647640228271484,COc1cc(C=Cc2ccc3oc(=O)c(-c4cc(OC)cc(OC)c4OC)cc3c2)cc(OC)c1,true,1,true,0,0.2404108642483445,0.0,5.673400000000006,474.50900000000024,35.0,448.30100000000033,7.0,0.0,7.0,8.0,4.0,0.0,4.0,76.36000000000001,0.0,0.0,C28H26O7,1427.8976097065806,1.0,0.0,0.42028985507246375,0.28846153846153844,0.3142857142857143,0.35593220338983056,0.42028985507246375,0.42028985507246375,0.42028985507246375,1.0,1.1021909713745117
2650,REINFORCE,EGFR,21,90,36.647640228271484,Cc1ccc(S(=O)(=O)NC(=O)CCCCCC(=O)Nc2cc3ncc(C)n3c3ccc(F)cc23)c(C)c1,true,1,true,0,0.301349277648483,0.0,4.945960000000005,524.6180000000002,37.0,495.3860000000003,6.0,2.0,10.0,9.0,4.0,0.0,4.0,109.64,0.0,0.0,C27H29FN4O4S,1612.0043765585774,6.0,1.0,0.26086956521739135,0.038461538461538436,0.22857142857142854,0.22033898305084743,0.26086956521739135,0.26086956521739135,0.26086956521739135,1.0,1.1021909713745117
2651,REINFORCE,EGFR,21,91,36.647640228271484,O=C1CCC(N2Cc3cc(NC(=S)NC4CCCCC4)ccc3C2=O)C(=O)N1,true,1,true,0,0.5315910679164088,0.0,2.0667,400.50400000000025,28.0,376.3120000000002,4.0,3.0,8.0,3.0,1.0,3.0,4.0,90.54,0.0,0.0,C20H24N4O3S,834.7397464217711,4.0,0.0,0.4714285714285714,0.2692307692307693,0.4714285714285714,0.3389830508474576,0.30434782608695654,0.4714285714285714,0.4714285714285714,1.0,1.1021909713745117
2652,REINFORCE,EGFR,21,92,36.647640228271484,Cc1noc(C)c1-c1ccc2c(c1)C(CCC(=O)NO)NCC2,true,1,true,0,0.5956354699129363,0.0,2.43084,315.37300000000005,23.0,294.20500000000004,5.0,3.0,6.0,4.0,2.0,1.0,3.0,87.39,0.0,0.0,C17H21N3O3,704.3688260467386,3.0,0.0,0.423728813559322,0.3846153846153846,0.2857142857142857,0.423728813559322,0.28985507246376807,0.423728813559322,0.423728813559322,1.0,1.1021909713745117
2653,REINFORCE,EGFR,21,93,36.647640228271484,Cc1ccc(-c2csc(N(C(=O)CN3CCN(C(=O)C(C)C)CC3)S(=O)(=O)c3ccc(Cl)cc3)n2)cc1,true,1,true,0,0.4279300322653929,0.0,4.294020000000004,561.1290000000002,37.0,531.8970000000003,7.0,0.0,11.0,7.0,3.0,1.0,4.0,90.89,0.0,0.0,C26H29ClN4O4S2,1364.3179614499816,3.0,0.0,0.27142857142857146,0.019230769230769273,0.27142857142857146,0.2542372881355932,0.21739130434782605,0.27142857142857146,0.27142857142857146,1.0,1.1021909713745117
2654,REINFORCE,EGFR,21,94,36.647640228271484,COCCc1nc2c(ncc(=O)n2-c2ccccc2)n1C1CCCCC1,true,1,true,0,0.7069064574716915,0.0,3.2763000000000027,352.4380000000003,26.0,328.2460000000001,6.0,0.0,6.0,5.0,3.0,1.0,4.0,61.940000000000005,0.0,0.0,C20H24N4O2,939.594739840951,3.0,0.0,0.46153846153846156,0.46153846153846156,0.2857142857142857,0.30508474576271183,0.4347826086956522,0.46153846153846156,0.46153846153846156,1.0,1.1021909713745117
2655,REINFORCE,EGFR,21,95,36.647640228271484,O=C(CCCSc1nc2ccccc2s1)c1ccc([N+](=O)[O-])cc1,true,1,true,0,0.19616186736365102,0.0,4.959700000000003,358.44400000000013,24.0,344.3320000000001,6.0,0.0,7.0,7.0,3.0,0.0,3.0,73.1,0.0,0.0,C17H14N2O3S2,841.9328566681698,6.0,0.0,0.3220338983050848,0.3076923076923077,0.30000000000000004,0.3220338983050848,0.3188405797101449,0.3220338983050848,0.3220338983050848,1.0,1.1021909713745117
2656,REINFORCE,EGFR,21,96,36.647640228271484,NCc1cccc(-c2ccc(-n3cc(CN(CC(=O)NC4CCCCC4)Cc4ccccc4)nn3)o2)c1,true,1,true,0,0.33523187843350516,0.0,4.4371000000000045,498.63100000000026,37.0,464.3590000000003,7.0,2.0,8.0,10.0,4.0,1.0,5.0,102.21000000000001,0.0,0.0,C29H34N6O2,1292.4962696961416,6.0,0.0,0.4057971014492754,0.15384615384615385,0.37142857142857144,0.3220338983050848,0.4057971014492754,0.4057971014492754,0.4057971014492754,1.0,1.1021909713745117
2657,REINFORCE,EGFR,21,97,36.647640228271484,COc1ccc(CCN=C(NN)NCc2ccc(C)cc2)cc1,true,1,true,0,0.33072681481541866,0.0,2.15522,312.41700000000003,23.0,288.225,3.0,3.0,5.0,6.0,2.0,0.0,2.0,71.67,0.0,0.0,C18H24N4O,620.4747745211114,4.0,0.0,0.3389830508474576,0.32692307692307687,0.3285714285714286,0.3389830508474576,0.30434782608695654,0.3389830508474576,0.3389830508474576,1.0,1.1021909713745117
2658,REINFORCE,EGFR,21,98,36.647640228271484,CCOc1ccc(CNC(=O)C2CCN(c3ncnc4scc(C)c34)CC2)cc1,true,1,true,0,0.6668774543102973,0.0,3.9312200000000033,410.5430000000002,29.0,384.3350000000002,6.0,1.0,7.0,6.0,3.0,1.0,4.0,67.35,0.0,0.0,C22H26N4O2S,978.1458767071078,2.0,0.0,0.3728813559322034,0.3076923076923077,0.30000000000000004,0.3728813559322034,0.34782608695652173,0.3728813559322034,0.3728813559322034,1.0,1.1021909713745117
2659,REINFORCE,EGFR,21,99,36.647640228271484,O=C(Cn1ccnc1)Nc1ccc(Cl)cc1,true,1,true,0,0.8864914922460787,0.0,2.1752000000000002,235.674,16.0,225.594,3.0,1.0,5.0,3.0,2.0,0.0,2.0,46.92,0.0,0.0,C11H10ClN3O,464.48471428352866,2.0,0.0,0.28846153846153844,0.28846153846153844,0.24285714285714288,0.23728813559322037,0.26086956521739135,0.28846153846153844,0.28846153846153844,1.0,1.1021909713745117
2660,REINFORCE,EGFR,21,100,36.647640228271484,CC1CN(c2ccc(-c3csc(N4C(=O)OCC4C(C)C)n3)cc2)CC(C)N1,true,1,true,0,0.8413187421401138,0.0,3.9779000000000027,400.54800000000006,28.0,372.3240000000001,6.0,1.0,7.0,4.0,2.0,2.0,4.0,57.7,0.0,0.0,C21H28N4O2S,825.1860579092692,1.0,0.0,0.44285714285714284,0.32692307692307687,0.44285714285714284,0.3389830508474576,0.37681159420289856,0.44285714285714284,0.44285714285714284,1.0,1.1021909713745117
2661,REINFORCE,EGFR,21,101,36.647640228271484,Nc1nc(Nc2ccccn2)c(Br)cc1C(=O)c1ccccc1,true,1,true,0,0.6841416418696106,0.0,3.7959000000000014,369.2220000000001,23.0,356.11800000000017,5.0,2.0,6.0,4.0,3.0,0.0,3.0,80.9,0.0,0.0,C17H13BrN4O,837.9720333581412,2.0,0.0,0.4423076923076923,0.4423076923076923,0.2857142857142857,0.35593220338983056,0.3188405797101449,0.4423076923076923,0.4423076923076923,1.0,1.1021909713745117
2662,REINFORCE,EGFR,21,102,36.647640228271484,CCOc1ccc(OC(F)F)c(Oc2cc(F)ccc2C(=NO)NCC(O)CO)c1,true,1,true,0,0.19843136314795387,0.0,2.6967,430.3790000000001,30.0,409.2110000000002,7.0,4.0,11.0,10.0,2.0,0.0,2.0,112.77000000000001,0.0,0.0,C19H21F3N2O6,866.1585419893986,5.0,3.0,0.42307692307692313,0.42307692307692313,0.30000000000000004,0.4067796610169492,0.34782608695652173,0.42307692307692313,0.42307692307692313,1.0,1.1021909713745117
2663,REINFORCE,EGFR,21,103,36.647640228271484,c1c2c(c(O)cc1[n+]1CCC(CO)CC1)-c1c(O)c(OC)ccc1CC2,false,0,true,0,0.0,0.0,0.0,0.0,0.0,0.0,0.0,0.0,0.0,0.0,0.0,0.0,0.0,0.0,0.0,0.0,0.0,0.0,0.0,0.0,0.0,0.0,0.0,0.0,0.0,1e-06,1e-06,1.0,1.1021909713745117
2664,REINFORCE,EGFR,21,104,36.647640228271484,COC(=O)N1CCN(CCCOc2ccc(-c3c(-c4ccccc4)n(C)c(=O)n(C)c3=O)cc2)CC1,true,1,true,0,0.4715368717619674,0.0,2.570900000000001,492.57600000000025,36.0,460.32000000000033,8.0,0.0,9.0,7.0,3.0,1.0,4.0,86.00999999999999,0.0,0.0,C27H32N4O5,1306.9760561551084,5.0,0.0,0.4492753623188406,0.1923076923076923,0.4285714285714286,0.23728813559322037,0.4492753623188406,0.4492753623188406,0.4492753623188406,1.0,1.1021909713745117
2665,REINFORCE,EGFR,21,105,36.647640228271484,O=C(NCCOc1ccccc1)NCC1CCN(Cc2ccc(C(F)(F)F)cc2)C1,true,1,true,0,0.6359050396796154,0.0,3.9055000000000035,421.46300000000014,30.0,395.25500000000005,3.0,2.0,8.0,8.0,2.0,1.0,3.0,53.6,0.0,0.0,C22H26F3N3O2,797.5250988164951,4.0,3.0,0.44285714285714284,0.3076923076923077,0.44285714285714284,0.35593220338983056,0.3623188405797102,0.44285714285714284,0.44285714285714284,1.0,1.1021909713745117
2666,REINFORCE,EGFR,21,106,36.647640228271484,Cc1ccc(C)c2c1NC(=O)CN=C2c1ccc(Br)cc1,true,1,true,0,0.8394842838780351,0.0,3.8554400000000024,343.224,21.0,328.10400000000004,2.0,1.0,4.0,1.0,2.0,1.0,3.0,41.46,0.0,0.0,C17H15BrN2O,748.1305794733357,1.0,0.0,0.38983050847457623,0.3653846153846154,0.2857142857142857,0.38983050847457623,0.28985507246376807,0.38983050847457623,0.38983050847457623,1.0,1.1021909713745117
2667,REINFORCE,EGFR,21,107,36.647640228271484,Cc1ccc(C(=O)N(Cc2ccc(C(=O)NCCN3CCOCC3)cc2)Cc2ccco2)cc1,true,1,true,0,0.5280581661473578,0.0,3.4926200000000023,461.5620000000003,34.0,430.3140000000003,5.0,1.0,7.0,9.0,3.0,1.0,4.0,75.02000000000001,0.0,0.0,C27H31N3O4,1056.2693603942134,4.0,0.0,0.4576271186440678,0.23076923076923073,0.3571428571428571,0.4576271186440678,0.3188405797101449,0.4576271186440678,0.4576271186440678,1.0,1.1021909713745117
2668,REINFORCE,EGFR,21,108,36.647640228271484,COc1cc(C(=O)NCc2nnc(SCc3ccccc3)n2-c2ccccc2C)cc(OC)c1OC,true,1,true,0,0.30979359856507643,0.0,4.823820000000005,504.61200000000025,36.0,476.3880000000004,8.0,1.0,9.0,10.0,4.0,0.0,4.0,87.5,0.0,0.0,C27H28N4O4S,1315.8655146671767,3.0,0.0,0.4057971014492754,0.3076923076923077,0.2857142857142857,0.38983050847457623,0.4057971014492754,0.4057971014492754,0.4057971014492754,1.0,1.1021909713745117
2669,REINFORCE,EGFR,21,109,36.647640228271484,C#CCCOc1cc(-c2ncnc3nc(NC(=O)NC(C)C)sc23)ccc1OCC,true,1,true,0,0.4167520599551309,0.0,4.084000000000002,425.5140000000002,30.0,402.3300000000002,7.0,2.0,9.0,8.0,3.0,0.0,3.0,98.26,0.0,0.0,C21H23N5O3S,1074.1793500808083,4.0,0.0,0.4347826086956522,0.28846153846153844,0.41428571428571426,0.3728813559322034,0.4347826086956522,0.4347826086956522,0.4347826086956522,1.0,1.1021909713745117
2670,REINFORCE,EGFR,21,110,36.647640228271484,CCOc1cccc(C(=O)Nc2ccc(N3CCc4c(C(=O)O)cncc4C3=O)cc2)c1OCC,true,1,true,0,0.504912840185183,0.0,4.032400000000003,475.50100000000026,35.0,450.3010000000003,6.0,2.0,9.0,8.0,3.0,1.0,4.0,118.06000000000002,0.0,0.0,C26H25N3O6,1272.578797592204,2.0,0.0,0.4067796610169492,0.3653846153846154,0.3571428571428571,0.4067796610169492,0.37681159420289856,0.4067796610169492,0.4067796610169492,1.0,1.1021909713745117
2671,REINFORCE,EGFR,21,111,36.647640228271484,O=C(NN=Cc1cccc(Cl)c1Cl)c1cnccn1,true,1,true,0,0.6986518325504949,0.0,2.5473,295.12899999999996,19.0,287.065,4.0,1.0,7.0,3.0,2.0,0.0,2.0,67.24000000000001,0.0,0.0,C12H8Cl2N4O,616.3813776107944,1.0,0.0,0.3220338983050848,0.3076923076923077,0.2857142857142857,0.3220338983050848,0.2753623188405797,0.3220338983050848,0.3220338983050848,1.0,1.1021909713745117
2672,REINFORCE,EGFR,21,112,36.647640228271484,COc1cccc(N2CCN(S(=O)(=O)Cc3cccc(Br)c3)CC2)c1,true,1,true,0,0.7390288087634899,0.0,3.109700000000002,425.34800000000007,25.0,404.18000000000006,4.0,0.0,7.0,5.0,2.0,1.0,3.0,49.85,0.0,0.0,C18H21BrN2O3S,833.7197516036317,3.0,0.0,0.40384615384615385,0.40384615384615385,0.34285714285714286,0.3220338983050848,0.33333333333333337,0.40384615384615385,0.40384615384615385,1.0,1.1021909713745117
2673,REINFORCE,EGFR,21,113,36.647640228271484,Cn1c2c(sc1=O)CN(CCCCN1CCN(CCCCOc3ccccc3)CC1)CC2,true,1,true,0,0.4842882360516285,0.0,3.0619000000000005,458.6720000000003,32.0,420.3680000000003,7.0,0.0,7.0,11.0,2.0,2.0,4.0,40.95,0.0,0.0,C25H38N4O2S,873.8122208104517,6.0,0.0,0.3857142857142857,0.25,0.3857142857142857,0.30508474576271183,0.30434782608695654,0.3857142857142857,0.3857142857142857,1.0,1.1021909713745117
2674,REINFORCE,EGFR,21,114,36.647640228271484,Cc1nc(Oc2cccc(CO)c2)c2c(-c3cccc(CN)c3)csc2n1,true,1,true,0,0.5383307780988363,0.0,4.410020000000003,377.4690000000001,27.0,358.317,6.0,2.0,6.0,5.0,4.0,0.0,4.0,81.26,0.0,0.0,C21H19N3O2S,1107.7361570653632,2.0,0.0,0.4067796610169492,0.3846153846153846,0.3285714285714286,0.4067796610169492,0.37681159420289856,0.4067796610169492,0.4067796610169492,1.0,1.1021909713745117
2675,REINFORCE,EGFR,21,115,36.647640228271484,COc1ccc(Cc2c(-c3ccc(Br)cc3)nc(-c3ccccc3)n2CCCN(C)C)cc1,true,1,true,0,0.25970135138954187,0.0,6.5307000000000075,504.47200000000026,33.0,474.2320000000003,4.0,0.0,5.0,9.0,4.0,0.0,4.0,30.29,0.0,0.0,C28H30BrN3O,1166.505384039908,4.0,0.0,0.4807692307692307,0.4807692307692307,0.3285714285714286,0.44067796610169496,0.4492753623188406,0.4807692307692307,0.4807692307692307,1.0,1.1021909713745117
2676,REINFORCE,EGFR,21,116,36.647640228271484,O=C(Nc1nc(-c2ccccc2)cs1)c1ccco1,true,1,true,0,0.7898751026733629,0.0,3.655400000000002,270.31300000000005,19.0,260.23299999999995,4.0,1.0,5.0,3.0,3.0,0.0,3.0,55.13,0.0,0.0,C14H10N2O2S,674.5609839643898,1.0,0.0,0.33333333333333337,0.3076923076923077,0.27142857142857146,0.2542372881355932,0.33333333333333337,0.33333333333333337,0.33333333333333337,1.0,1.1021909713745117
2677,REINFORCE,EGFR,21,117,36.647640228271484,CC(=O)N1CC(=O)N(Cc2ccccc2)C(=O)C1(C)C,true,1,true,0,0.7609755492904006,0.0,1.1824999999999997,274.32000000000005,20.0,256.176,3.0,0.0,5.0,2.0,1.0,1.0,2.0,57.690000000000005,0.0,0.0,C15H18N2O3,551.4968704074943,2.0,0.0,0.3857142857142857,0.34615384615384615,0.3857142857142857,0.35593220338983056,0.3623188405797102,0.3857142857142857,0.3857142857142857,1.0,1.1021909713745117
2678,REINFORCE,EGFR,21,118,36.647640228271484,COC(=O)Cc1ccncc1-c1cnc(N(C)C)c2[nH]c(-c3ccc(O)cc3)cc12,true,1,true,0,0.49384290258044355,0.0,3.7790000000000017,402.4540000000001,30.0,380.2780000000002,6.0,2.0,7.0,5.0,4.0,0.0,4.0,91.34,0.0,0.0,C23H22N4O3,1213.0856790922967,2.0,0.0,0.46376811594202894,0.25,0.3571428571428571,0.30508474576271183,0.46376811594202894,0.46376811594202894,0.46376811594202894,1.0,1.1021909713745117
2679,REINFORCE,EGFR,21,119,36.647640228271484,O=C(O)CCC(=O)Nc1c(-n2cnnn2)oc2ccccc12,true,1,true,0,0.7255182235523145,0.0,1.2117999999999995,301.26200000000006,22.0,290.17400000000004,7.0,2.0,9.0,5.0,3.0,0.0,3.0,123.13999999999999,0.0,0.0,C13H11N5O4,824.198038393672,3.0,0.0,0.28985507246376807,0.17307692307692313,0.2571428571428571,0.23728813559322037,0.28985507246376807,0.28985507246376807,0.28985507246376807,1.0,1.1021909713745117
2680,REINFORCE,EGFR,21,120,36.647640228271484,Cc1ccccc1-c1c(O)c(S(=O)(=O)c2ccc(Br)cc2)nn1-c1ccc(O)cc1,true,1,true,0,0.43116481009340124,0.0,4.854220000000004,485.3590000000001,30.0,468.2230000000002,6.0,2.0,8.0,4.0,4.0,0.0,4.0,92.42,0.0,0.0,C22H17BrN2O4S,1328.8226208567842,2.0,0.0,0.33333333333333337,0.2692307692307693,0.2142857142857143,0.2542372881355932,0.33333333333333337,0.33333333333333337,0.33333333333333337,1.0,1.1021909713745117
2681,REINFORCE,EGFR,21,121,36.647640228271484,CCc1nc(C)c(NS(=O)(=O)c2cc(Cl)c(Cl)cc2Cl)c(=O)n1C,true,1,true,0,0.7831894365155069,0.0,3.4121200000000016,410.7100000000001,24.0,396.5980000000001,5.0,1.0,10.0,4.0,2.0,0.0,2.0,81.06,0.0,0.0,C14H14Cl3N3O3S,971.450677178401,3.0,0.0,0.32692307692307687,0.32692307692307687,0.2857142857142857,0.3220338983050848,0.28985507246376807,0.32692307692307687,0.32692307692307687,1.0,1.1021909713745117
2682,REINFORCE,EGFR,21,122,36.647640228271484,CN1C(=O)c2cc3[nH]nc(-c4cccc(Cl)c4)c3cc2CC1C(=O)NCc1ccnn1C,true,1,true,0,0.5014046588934571,0.0,2.929900000000001,448.91400000000027,32.0,427.74600000000027,5.0,2.0,9.0,4.0,4.0,1.0,5.0,95.91,0.0,0.0,C23H21ClN6O2,1357.7874522416928,2.0,0.0,0.3846153846153846,0.3846153846153846,0.34285714285714286,0.35593220338983056,0.37681159420289856,0.3846153846153846,0.3846153846153846,1.0,1.1021909713745117
2683,REINFORCE,EGFR,21,123,36.647640228271484,n12ncnc1nc(-c1cc(F)c(-c3c(-c4nc(F)ccc4)ccnc3Cl)c(F)c1)ncn2,false,0,true,0,0.0,0.0,0.0,0.0,0.0,0.0,0.0,0.0,0.0,0.0,0.0,0.0,0.0,0.0,0.0,0.0,0.0,0.0,0.0,0.0,0.0,0.0,0.0,0.0,0.0,1e-06,1e-06,1.0,1.1021909713745117
2684,REINFORCE,EGFR,21,124,36.647640228271484,Cc1cc(-c2nc(N)c3cnn(C)c3n2)n[nH]1,true,1,true,0,0.6377762742201049,0.0,0.6440199999999998,229.24700000000004,17.0,218.159,6.0,2.0,7.0,1.0,3.0,0.0,3.0,98.30000000000001,0.0,0.0,C10H11N7,693.8129713301021,1.0,0.0,0.3653846153846154,0.3653846153846154,0.27142857142857146,0.3220338983050848,0.3188405797101449,0.3653846153846154,0.3653846153846154,1.0,1.1021909713745117
2685,REINFORCE,EGFR,21,125,36.647640228271484,Cc1sc2nc(COc3cccc(C(F)(F)F)c3)n(Cc3ccccc3)c(=O)c2c1C,true,1,true,0,0.3954415606500004,0.0,5.720940000000004,444.47800000000024,31.0,425.32600000000025,5.0,0.0,8.0,5.0,4.0,0.0,4.0,44.120000000000005,0.0,0.0,C23H19F3N2O2S,1294.1584798332315,3.0,3.0,0.3653846153846154,0.3653846153846154,0.3571428571428571,0.30508474576271183,0.3623188405797102,0.3653846153846154,0.3653846153846154,1.0,1.1021909713745117
2686,REINFORCE,EGFR,21,126,36.647640228271484,NS(=O)(=O)c1ccc(-c2cnc(-c3ccnc(O)c3)o2)cc1,true,1,true,0,0.7592381290576363,0.0,1.7566000000000002,317.326,22.0,306.23800000000006,6.0,2.0,8.0,3.0,3.0,0.0,3.0,119.31000000000002,0.0,0.0,C14H11N3O4S,917.2708253275338,1.0,0.0,0.37681159420289856,0.2692307692307693,0.30000000000000004,0.3389830508474576,0.37681159420289856,0.37681159420289856,0.37681159420289856,1.0,1.1021909713745117
2687,REINFORCE,EGFR,21,127,36.647640228271484,n1cn(C2OC4CCN(C(Cc5cc(F)c(Cl)cc4)c4ccccc4)C2)cn1,false,0,true,0,0.0,0.0,0.0,0.0,0.0,0.0,0.0,0.0,0.0,0.0,0.0,0.0,0.0,0.0,0.0,0.0,0.0,0.0,0.0,0.0,0.0,0.0,0.0,0.0,0.0,1e-06,1e-06,1.0,1.1021909713745117
