,model,task,step,batch_idx,absolute_time,smiles,valid,valid_score,unique,occurrences,desc_QED,desc_SAscore,desc_CLogP,desc_MolWt,desc_HeavyAtomCount,desc_HeavyAtomMolWt,desc_NumHAcceptors,desc_NumHDonors,desc_NumHeteroatoms,desc_NumRotatableBonds,desc_NumAromaticRings,desc_NumAliphaticRings,desc_RingCount,desc_TPSA,desc_PenLogP,desc_FormalCharge,desc_MolecularFormula,desc_Bertz,desc_MaxConsecutiveRotatableBonds,desc_FlourineCount,EGFR_Sim,EGFR_Cmpd1_Sim,EGFR_Cmpd2_Sim,EGFR_Cmpd3_Sim,EGFR_Cmpd4_Sim,raw_EGFR_Sim,single,filter,score_time
2816,REINFORCE,EGFR,23,0,40.06279253959656,CCn1cc(C#CC2(C#N)CCN(CC3CN(C(C)=O)Cc4c(Cl)cccc43)CC2)cn1,true,1,true,0,0.6705728817183644,0.0,3.6595800000000027,449.9860000000002,32.0,421.76200000000017,5.0,0.0,7.0,3.0,2.0,2.0,4.0,65.16,0.0,0.0,C25H28ClN5O,1097.5111551553862,2.0,0.0,0.3389830508474576,0.17307692307692313,0.3285714285714286,0.3389830508474576,0.2753623188405797,0.3389830508474576,0.3389830508474576,1.0,1.242335319519043
2817,REINFORCE,EGFR,23,1,40.06279253959656,C(=Nc1nc(N2CCOCC2)nc2nc[nH]c12)Nc1ccc2c(c1)OCO2,true,1,true,0,0.5295173484253864,0.0,1.6900999999999995,367.3690000000002,27.0,350.2330000000002,8.0,2.0,10.0,4.0,3.0,2.0,5.0,109.78,0.0,0.0,C17H17N7O3,997.3557582568566,2.0,0.0,0.33333333333333337,0.21153846153846156,0.2571428571428571,0.2033898305084746,0.33333333333333337,0.33333333333333337,0.33333333333333337,1.0,1.242335319519043
2818,REINFORCE,EGFR,23,2,40.06279253959656,CC(CCC12CC3CC(CC(C3)C1)C2)CC(=O)O,true,1,true,0,0.7974778192751628,0.0,4.0938000000000025,250.38199999999992,18.0,224.17399999999995,1.0,1.0,2.0,5.0,0.0,4.0,4.0,37.3,0.0,0.0,C16H26O2,298.70444938847527,5.0,0.0,0.34285714285714286,0.25,0.34285714285714286,0.30508474576271183,0.24637681159420288,0.34285714285714286,0.34285714285714286,1.0,1.242335319519043
2819,REINFORCE,EGFR,23,3,40.06279253959656,CC(C)CNC(=O)c1[nH]c2ccccc2c1CC(=O)NC1CCCCCC1,true,1,true,0,0.6749510887479238,0.0,3.9352000000000027,369.50900000000024,27.0,338.26100000000014,2.0,3.0,5.0,6.0,2.0,1.0,3.0,73.99,0.0,0.0,C22H31N3O2,785.9518402933522,2.0,0.0,0.40384615384615385,0.40384615384615385,0.3285714285714286,0.38983050847457623,0.33333333333333337,0.40384615384615385,0.40384615384615385,1.0,1.242335319519043
2820,REINFORCE,EGFR,23,4,40.06279253959656,O=C(O)c1cn(CC2CC2)c2c(Cl)c(Cl)c(N3CCN(CC(F)F)CC3)cc2c1=O,true,1,true,0,0.7107926051726728,0.0,3.803600000000003,460.3080000000003,30.0,439.1400000000002,5.0,1.0,10.0,6.0,2.0,2.0,4.0,65.78,0.0,0.0,C20H21Cl2F2N3O3,1047.994047097414,2.0,2.0,0.3571428571428571,0.2692307692307693,0.3571428571428571,0.3389830508474576,0.33333333333333337,0.3571428571428571,0.3571428571428571,1.0,1.242335319519043
2821,REINFORCE,EGFR,23,5,40.06279253959656,CC(C)=CCc1cc(-c2ccc(O)cc2)cc2c1OCO2,true,1,true,0,0.8531255591970084,0.0,4.296600000000003,282.33900000000006,21.0,264.19499999999994,3.0,1.0,3.0,3.0,2.0,1.0,3.0,38.69,0.0,0.0,C18H18O3,680.3547812017871,2.0,0.0,0.34782608695652173,0.34615384615384615,0.30000000000000004,0.2542372881355932,0.34782608695652173,0.34782608695652173,0.34782608695652173,1.0,1.242335319519043
2822,REINFORCE,EGFR,23,6,40.06279253959656,CC(C)Cc1ccnn1-c1ccccc1Br,true,1,true,0,0.8344460250293118,0.0,3.833300000000003,279.18100000000004,16.0,264.061,2.0,0.0,3.0,3.0,2.0,0.0,2.0,17.82,0.0,0.0,C13H15BrN2,474.28976258995874,2.0,0.0,0.26086956521739135,0.1923076923076923,0.18571428571428572,0.1694915254237288,0.26086956521739135,0.26086956521739135,0.26086956521739135,1.0,1.242335319519043
2823,REINFORCE,EGFR,23,7,40.06279253959656,CC(=O)c1ccc(OCC(=O)NCCOc2ccccc2C)cc1,true,1,true,0,0.5980030039279258,0.0,2.7716200000000013,327.38,24.0,306.21200000000005,4.0,1.0,5.0,8.0,2.0,0.0,2.0,64.63000000000001,0.0,0.0,C19H21NO4,694.7679051177648,4.0,0.0,0.3913043478260869,0.25,0.34285714285714286,0.3728813559322034,0.3913043478260869,0.3913043478260869,0.3913043478260869,1.0,1.242335319519043
2824,REINFORCE,EGFR,23,8,40.06279253959656,Cc1nn(-c2ccc(C(F)(F)F)cn2)c(C)c1CC(=O)N(C)CCO,true,1,true,0,0.8882503350186189,0.0,1.8961399999999995,356.34800000000007,25.0,337.196,5.0,1.0,9.0,5.0,2.0,0.0,2.0,71.25,0.0,0.0,C16H19F3N4O2,753.9757001281598,2.0,3.0,0.46153846153846156,0.46153846153846156,0.34285714285714286,0.3728813559322034,0.34782608695652173,0.46153846153846156,0.46153846153846156,1.0,1.242335319519043
2825,REINFORCE,EGFR,23,9,40.06279253959656,Cc1cccc(-c2cccc(CCCC(CO)CN(C)C)n2)n1,true,1,true,0,0.8138612393832227,0.0,2.944820000000001,313.445,23.0,286.229,4.0,1.0,4.0,8.0,2.0,0.0,2.0,49.25,0.0,0.0,C19H27N3O,613.0686498315633,7.0,0.0,0.5423728813559322,0.42307692307692313,0.3571428571428571,0.5423728813559322,0.3188405797101449,0.5423728813559322,0.5423728813559322,1.0,1.242335319519043
2826,REINFORCE,EGFR,23,10,40.06279253959656,O=C(Nc1cc(CN2CCOCC2)on1)c1cccnc1Oc1ccc(F)cc1,true,1,true,0,0.6824037260090169,0.0,3.0855000000000015,398.39400000000006,29.0,379.24200000000013,7.0,1.0,9.0,6.0,3.0,1.0,4.0,89.72000000000001,0.0,0.0,C20H19FN4O4,970.6223624900216,2.0,1.0,0.33333333333333337,0.23076923076923073,0.2857142857142857,0.23728813559322037,0.33333333333333337,0.33333333333333337,0.33333333333333337,1.0,1.242335319519043
2827,REINFORCE,EGFR,23,11,40.06279253959656,COC(=O)C(NC(=O)C(Cc1ccccc1)NC=NO)c1c(N)nc(N)nc1CCCCCCCCC(=O)NO,true,1,true,0,0.027878800981511322,0.0,1.3682999999999996,558.6400000000006,40.0,520.3360000000004,11.0,7.0,14.0,17.0,2.0,0.0,2.0,227.17000000000002,0.0,0.0,C26H38N8O6,1131.6773546811846,9.0,0.0,0.30000000000000004,0.15384615384615385,0.30000000000000004,0.2542372881355932,0.28985507246376807,0.30000000000000004,0.30000000000000004,1.0,1.242335319519043
2828,REINFORCE,EGFR,23,12,40.06279253959656,COc1ccc(Cn2nccc2CNC(=O)c2ccc(Br)o2)cc1,true,1,true,0,0.7019166691547428,0.0,3.225500000000001,390.2370000000001,24.0,374.10900000000004,5.0,1.0,7.0,6.0,3.0,0.0,3.0,69.28999999999999,0.0,0.0,C17H16BrN3O3,823.7356790147896,2.0,0.0,0.423728813559322,0.3653846153846154,0.3142857142857143,0.423728813559322,0.3623188405797102,0.423728813559322,0.423728813559322,1.0,1.242335319519043
2829,REINFORCE,EGFR,23,13,40.06279253959656,Cc1cc(C)c(OCC(=O)Nc2nnc(SCc3ccccc3)[nH]2)c([N+](=O)[O-])c1,true,1,true,0,0.32819784455708395,0.0,3.639540000000002,413.4590000000001,29.0,394.3070000000002,7.0,2.0,10.0,8.0,3.0,0.0,3.0,123.04000000000002,0.0,0.0,C19H19N5O4S,1022.6938986305706,3.0,0.0,0.35593220338983056,0.21153846153846156,0.2857142857142857,0.35593220338983056,0.30434782608695654,0.35593220338983056,0.35593220338983056,1.0,1.242335319519043
2830,REINFORCE,EGFR,23,14,40.06279253959656,CCc1cccc2c(NCc3ccc(N)cc3)ncnc12,true,1,true,0,0.7180129637150507,0.0,3.3865000000000007,278.359,21.0,260.215,4.0,2.0,4.0,4.0,3.0,0.0,3.0,63.83,0.0,0.0,C17H18N4,750.3348953056943,3.0,0.0,0.40384615384615385,0.40384615384615385,0.30000000000000004,0.2542372881355932,0.3188405797101449,0.40384615384615385,0.40384615384615385,1.0,1.242335319519043
2831,REINFORCE,EGFR,23,15,40.06279253959656,CC1C2CN3C=CC(O)CC(C1C1CCC2C1)C1(CCC2(CCN(C)C2)C(=O)OC1)NCC3=O,true,1,true,0,0.5262631553112963,0.0,2.008800000000001,471.6420000000004,34.0,430.31400000000025,6.0,2.0,7.0,0.0,0.0,7.0,7.0,82.11000000000001,0.0,0.0,C27H41N3O4,877.9365089142299,0.0,0.0,0.3285714285714286,0.07692307692307687,0.3285714285714286,0.22033898305084743,0.23188405797101452,0.3285714285714286,0.3285714285714286,1.0,1.242335319519043
2832,REINFORCE,EGFR,23,16,40.06279253959656,O=C(O)CSCC1(c2ccccc2)NC(=O)NC1=O,true,1,true,0,0.6841411003870205,0.0,0.5391,280.30500000000006,19.0,268.20899999999995,4.0,3.0,7.0,5.0,1.0,1.0,2.0,95.5,0.0,0.0,C12H12N2O4S,519.720485175931,4.0,0.0,0.3142857142857143,0.3076923076923077,0.3142857142857143,0.288135593220339,0.28985507246376807,0.3142857142857143,0.3142857142857143,1.0,1.242335319519043
2833,REINFORCE,EGFR,23,17,40.06279253959656,Cc1cnc2onc(C(=O)N3CCCC(NC(=O)NC4(C(=O)O)Cc5ccccc5C4)C3)c2c1,true,1,true,0,0.5383938924491354,0.0,2.05722,463.49400000000026,34.0,438.2940000000003,6.0,3.0,10.0,4.0,3.0,2.0,5.0,137.66,0.0,0.0,C24H25N5O5,1260.7492333169225,2.0,0.0,0.3220338983050848,0.17307692307692313,0.2857142857142857,0.3220338983050848,0.21739130434782605,0.3220338983050848,0.3220338983050848,1.0,1.242335319519043
2834,REINFORCE,EGFR,23,18,40.06279253959656,O=C(c1ccc([N+](=O)[O-])cc1)N1CCCC(C(=O)N(CC2CCCO2)C2CCCC2)C1,true,1,true,0,0.5103949437732717,0.0,3.3972000000000024,429.5170000000004,31.0,398.26900000000023,5.0,0.0,8.0,6.0,1.0,3.0,4.0,92.99,0.0,0.0,C23H31N3O5,799.9348996091103,3.0,0.0,0.3220338983050848,0.23076923076923073,0.27142857142857146,0.3220338983050848,0.30434782608695654,0.3220338983050848,0.3220338983050848,1.0,1.242335319519043
2835,REINFORCE,EGFR,23,19,40.06279253959656,c1ccc(CN2CCCCC2CCN2CCCCC2)cc1,true,1,true,0,0.8093192402051398,0.0,3.917100000000003,286.46299999999997,21.0,256.22299999999996,2.0,0.0,2.0,5.0,1.0,2.0,3.0,6.48,0.0,0.0,C19H30N2,397.28719741977477,3.0,0.0,0.4067796610169492,0.28846153846153844,0.2857142857142857,0.4067796610169492,0.21739130434782605,0.4067796610169492,0.4067796610169492,1.0,1.242335319519043
2836,REINFORCE,EGFR,23,20,40.06279253959656,CC(=O)NCC(C(=O)NC(C)C(=O)O)C1(C(O)CC(=O)O)CC1,true,1,true,0,0.36110275480920295,0.0,-1.0561999999999978,330.33700000000016,23.0,308.16100000000006,5.0,5.0,9.0,9.0,0.0,1.0,1.0,153.03,0.0,0.0,C14H22N2O7,501.35425029577215,7.0,0.0,0.3857142857142857,0.32692307692307687,0.3857142857142857,0.35593220338983056,0.33333333333333337,0.3857142857142857,0.3857142857142857,1.0,1.242335319519043
2837,REINFORCE,EGFR,23,21,40.06279253959656,CC(N)=NOC(C)C(=O)NC1CCCCC1,true,1,true,0,0.4292167727888115,0.0,1.132499999999999,227.30799999999994,16.0,206.13999999999996,3.0,2.0,5.0,4.0,0.0,1.0,1.0,76.71000000000001,0.0,0.0,C11H21N3O2,255.95528980965355,3.0,0.0,0.3653846153846154,0.3653846153846154,0.24285714285714288,0.30508474576271183,0.2753623188405797,0.3653846153846154,0.3653846153846154,1.0,1.242335319519043
2838,REINFORCE,EGFR,23,22,40.06279253959656,CCC1CCCN(C(=O)C2CCCN(S(=O)(=O)c3c(C)cc(COC)nc3N)C2)C1,true,1,true,0,0.7295948387338629,0.0,2.1679199999999996,438.59400000000034,30.0,404.32200000000023,6.0,1.0,9.0,6.0,1.0,2.0,3.0,105.83,0.0,0.0,C21H34N4O4S,850.7524928131149,2.0,0.0,0.3571428571428571,0.21153846153846156,0.3571428571428571,0.288135593220339,0.30434782608695654,0.3571428571428571,0.3571428571428571,1.0,1.242335319519043
2839,REINFORCE,EGFR,23,23,40.06279253959656,CC(CCN1CCN(C(=O)CC2c3ccccc3-n3c(SCc4ccc(NS(C)(=O)=O)cc4)nnc32)CC1)n1ccnc1,true,1,true,0,0.2520730039344191,0.0,3.7585000000000024,620.805,43.0,584.517,10.0,1.0,13.0,11.0,4.0,2.0,6.0,118.25000000000001,0.0,0.0,C30H36N8O3S2,1663.5840041937652,4.0,0.0,0.2857142857142857,0.0,0.2857142857142857,0.27118644067796616,0.26086956521739135,0.2857142857142857,0.2857142857142857,1.0,1.242335319519043
2840,REINFORCE,EGFR,23,24,40.06279253959656,Cn1cnc(S(=O)(=O)N2CCCC2CC2CCOC2)c1,true,1,true,0,0.8318020124895321,0.0,0.9997999999999996,299.396,20.0,278.228,5.0,0.0,7.0,4.0,1.0,2.0,3.0,64.43,0.0,0.0,C13H21N3O3S,563.171441216475,2.0,0.0,0.4067796610169492,0.3076923076923077,0.27142857142857146,0.4067796610169492,0.21739130434782605,0.4067796610169492,0.4067796610169492,1.0,1.242335319519043
2841,REINFORCE,EGFR,23,25,40.06279253959656,CCN1CCN(C(=O)c2ccc3c(N)nc(-c4ccccc4OC)nc3c2)CC1,true,1,true,0,0.7360617654014427,0.0,2.665300000000001,391.4750000000002,29.0,366.27500000000015,6.0,1.0,7.0,4.0,3.0,1.0,4.0,84.58,0.0,0.0,C22H25N5O2,1044.5521122709936,1.0,0.0,0.4492753623188406,0.32692307692307687,0.34285714285714286,0.35593220338983056,0.4492753623188406,0.4492753623188406,0.4492753623188406,1.0,1.242335319519043
2842,REINFORCE,EGFR,23,26,40.06279253959656,O=C(O)CC1CN(C2CC2)C(=O)c2ccccc21,true,1,true,0,0.8839050283423949,0.0,1.8631000000000002,245.278,18.0,230.15799999999996,2.0,1.0,4.0,3.0,1.0,2.0,3.0,57.61,0.0,0.0,C14H15NO3,507.51549746406494,2.0,0.0,0.288135593220339,0.21153846153846156,0.2857142857142857,0.288135593220339,0.2753623188405797,0.288135593220339,0.288135593220339,1.0,1.242335319519043
2843,REINFORCE,EGFR,23,27,40.06279253959656,Cc1oc(CN2CCC(CC(=O)O)CC2)nc1-c1ccccc1,true,1,true,0,0.9165893205246896,0.0,3.3367200000000015,314.385,23.0,292.20900000000006,4.0,1.0,5.0,5.0,2.0,1.0,3.0,66.57000000000001,0.0,0.0,C18H22N2O3,658.1611509932657,2.0,0.0,0.35593220338983056,0.25,0.2857142857142857,0.35593220338983056,0.26086956521739135,0.35593220338983056,0.35593220338983056,1.0,1.242335319519043
2844,REINFORCE,EGFR,23,28,40.06279253959656,O=C(C1CCN(Cc2nc3ccccc3o2)CC1)N(CCCNC1=NS(=O)(=O)c2ccccc21)c1ccccc1,true,1,true,0,0.3236032675028235,0.0,4.201800000000003,557.6760000000004,40.0,526.4280000000003,7.0,1.0,10.0,8.0,4.0,2.0,6.0,108.10999999999999,0.0,0.0,C30H31N5O4S,1609.9036996834839,6.0,0.0,0.34285714285714286,0.09615384615384615,0.34285714285714286,0.288135593220339,0.2753623188405797,0.34285714285714286,0.34285714285714286,1.0,1.242335319519043
2845,REINFORCE,EGFR,23,29,40.06279253959656,C=CCn1c2c(c3c(c1=O)c(C)cc1c3cc3c(c1)CCN(CCNCC(O)=O)C3=O)ccc2O,false,0,true,0,0.0,0.0,0.0,0.0,0.0,0.0,0.0,0.0,0.0,0.0,0.0,0.0,0.0,0.0,0.0,0.0,0.0,0.0,0.0,0.0,0.0,0.0,0.0,0.0,0.0,1e-06,1e-06,1.0,1.242335319519043
2846,REINFORCE,EGFR,23,30,40.06279253959656,COc1ccc(C(C)(C)C)cc1N(CC(O)CN(C)C)c1ccc(C(C)(C)C)cc1,true,1,true,0,0.6648375541060842,0.0,5.350800000000006,412.61800000000017,30.0,372.2980000000002,4.0,1.0,4.0,7.0,2.0,0.0,2.0,35.940000000000005,0.0,0.0,C26H40N2O2,814.4077320731582,6.0,0.0,0.4067796610169492,0.32692307692307687,0.4,0.4067796610169492,0.33333333333333337,0.4067796610169492,0.4067796610169492,1.0,1.242335319519043
2847,REINFORCE,EGFR,23,31,40.06279253959656,CC(C)C(NC(=O)OC(C)(C)C)C(=O)NC(C=O)CC(=O)O,true,1,true,0,0.5941436448109715,0.0,0.6941000000000006,316.3540000000001,22.0,292.16200000000003,5.0,3.0,8.0,7.0,0.0,0.0,0.0,121.8,0.0,0.0,C14H24N2O6,427.5392242835493,4.0,0.0,0.34285714285714286,0.28846153846153844,0.34285714285714286,0.3389830508474576,0.2753623188405797,0.34285714285714286,0.34285714285714286,1.0,1.242335319519043
2848,REINFORCE,EGFR,23,32,40.06279253959656,CN(C)Cc1cc2nc(-c3ccccc3)nc-2cc1OC,false,0,true,0,0.0,0.0,0.0,0.0,0.0,0.0,0.0,0.0,0.0,0.0,0.0,0.0,0.0,0.0,0.0,0.0,0.0,0.0,0.0,0.0,0.0,0.0,0.0,0.0,0.0,1e-06,1e-06,1.0,1.242335319519043
2849,REINFORCE,EGFR,23,33,40.06279253959656,CN(CCOCCNC(=C(c1ccc(OC)nc1)c1cccc([N+](=O)[O-])c1)[O-],false,0,true,0,0.0,0.0,0.0,0.0,0.0,0.0,0.0,0.0,0.0,0.0,0.0,0.0,0.0,0.0,0.0,0.0,0.0,0.0,0.0,0.0,0.0,0.0,0.0,0.0,0.0,1e-06,1e-06,1.0,1.242335319519043
2850,REINFORCE,EGFR,23,34,40.06279253959656,COc1cc(CC(C)=NNC(=O)CCn2nnc3ccccc32)cc(OC)c1O,true,1,true,0,0.44561389175707583,0.0,2.2790000000000004,397.4350000000001,29.0,374.2510000000002,8.0,2.0,9.0,8.0,3.0,0.0,3.0,110.86,0.0,0.0,C20H23N5O4,1019.2776354550224,3.0,0.0,0.37681159420289856,0.2692307692307693,0.2857142857142857,0.27118644067796616,0.37681159420289856,0.37681159420289856,0.37681159420289856,1.0,1.242335319519043
2851,REINFORCE,EGFR,23,35,40.06279253959656,Cc1ccc2[nH]cc(CCNC3CCCCNC3=O)c2c1,true,1,true,0,0.8069517126579874,0.0,2.27712,285.391,21.0,262.20699999999994,2.0,3.0,4.0,4.0,2.0,1.0,3.0,56.92,0.0,0.0,C17H23N3O,631.9969706711674,4.0,0.0,0.4067796610169492,0.32692307692307687,0.3142857142857143,0.4067796610169492,0.26086956521739135,0.4067796610169492,0.4067796610169492,1.0,1.242335319519043
2852,REINFORCE,EGFR,23,36,40.06279253959656,COc1nc([N+](=O)[O-])cnc1-c1cn(CCOc2ccc(Cl)cc2Cl)nn1,true,1,true,0,0.4300953852767928,0.0,3.037700000000001,411.20500000000004,27.0,399.10900000000004,9.0,0.0,12.0,7.0,3.0,0.0,3.0,118.09000000000002,0.0,0.0,C15H12Cl2N6O4,980.6910348871538,4.0,0.0,0.288135593220339,0.23076923076923073,0.2571428571428571,0.288135593220339,0.2753623188405797,0.288135593220339,0.288135593220339,1.0,1.242335319519043
2853,REINFORCE,EGFR,23,37,40.06279253959656,CC(Sc1nc2ccccc2[nH]c1=O)C(=O)NCc1ccc(F)c(Cl)c1,true,1,true,0,0.6524880558743404,0.0,3.512600000000001,391.85500000000013,26.0,376.73500000000007,4.0,2.0,8.0,5.0,3.0,0.0,3.0,74.85,0.0,0.0,C18H15ClFN3O2S,1024.7339935361379,3.0,1.0,0.35593220338983056,0.28846153846153844,0.34285714285714286,0.35593220338983056,0.34782608695652173,0.35593220338983056,0.35593220338983056,1.0,1.242335319519043
2854,REINFORCE,EGFR,23,38,40.06279253959656,CC(C)CC(CN)Nc1nc(Nc2ccc(Cl)c(C#N)c2)nc(NC(C)C)n1,true,1,true,0,0.4994062749993222,0.0,3.7458800000000014,402.93400000000014,28.0,375.71800000000013,8.0,4.0,9.0,9.0,2.0,0.0,2.0,124.57,0.0,0.0,C19H27ClN8,831.1687178612566,5.0,0.0,0.44067796610169496,0.34615384615384615,0.3857142857142857,0.44067796610169496,0.37681159420289856,0.44067796610169496,0.44067796610169496,1.0,1.242335319519043
2855,REINFORCE,EGFR,23,39,40.06279253959656,CCCC(C)NC(=O)Cc1ccc(-c2cc(OCCCN3CCCCC3)nn2-c2ccc(C(N)=O)cc2)cc1,true,1,true,0,0.31029081886142007,0.0,4.740300000000004,531.7010000000005,39.0,490.37300000000033,6.0,2.0,8.0,13.0,3.0,1.0,4.0,102.47999999999999,0.0,0.0,C31H41N5O3,1214.0263228831013,5.0,0.0,0.5,0.11538461538461542,0.5,0.3220338983050848,0.3623188405797102,0.5,0.5,1.0,1.242335319519043
2856,REINFORCE,EGFR,23,40,40.06279253959656,CCn1cnnc1-c1c(C)cc(C(=O)N2CCCCC2)cc1NC(=O)C(NC(N)=O)c1ccc(C)c(OC)c1,true,1,true,0,0.4037717877213727,0.0,3.5646400000000016,533.6330000000003,39.0,498.35300000000035,7.0,3.0,11.0,8.0,3.0,1.0,4.0,144.47,0.0,0.0,C28H35N7O4,1378.226297273034,3.0,0.0,0.30000000000000004,0.21153846153846156,0.30000000000000004,0.23728813559322037,0.26086956521739135,0.30000000000000004,0.30000000000000004,1.0,1.242335319519043
2857,REINFORCE,EGFR,23,41,40.06279253959656,CCCS(=O)(=O)N1CC2CCC1CN(C(=O)Nc1ccc(C(F)(F)F)cc1)C2,true,1,true,0,0.8136134409808826,0.0,3.373300000000002,419.46900000000005,28.0,395.2770000000001,3.0,1.0,10.0,4.0,1.0,3.0,4.0,69.72,0.0,0.0,C18H24F3N3O3S,811.6049957870662,3.0,3.0,0.37142857142857144,0.1923076923076923,0.37142857142857144,0.3389830508474576,0.3188405797101449,0.37142857142857144,0.37142857142857144,1.0,1.242335319519043
2858,REINFORCE,EGFR,23,42,40.06279253959656,CCCCCCCC(=O)C(=O)Nc1cccc2c1N=C(N(C)C)N1C(=O)C(O)=C(C(=O)C(C)C)C21C,true,1,true,0,0.3698774378036613,0.0,4.212000000000003,496.60800000000035,36.0,460.3200000000003,7.0,2.0,9.0,10.0,1.0,2.0,3.0,119.38000000000002,0.0,0.0,C27H36N4O5,1150.8181674377254,7.0,0.0,0.3857142857142857,0.15384615384615385,0.3857142857142857,0.3220338983050848,0.28985507246376807,0.3857142857142857,0.3857142857142857,1.0,1.242335319519043
2859,REINFORCE,EGFR,23,43,40.06279253959656,Cc1ccc(C(=O)N2CCCN(Cc3scnc3C)CC2)cc1C,true,1,true,0,0.8567312289738868,0.0,3.4164600000000025,343.49600000000015,24.0,318.2960000000001,4.0,0.0,5.0,3.0,2.0,1.0,3.0,36.440000000000005,0.0,0.0,C19H25N3OS,725.1520216248895,2.0,0.0,0.44067796610169496,0.34615384615384615,0.27142857142857146,0.44067796610169496,0.30434782608695654,0.44067796610169496,0.44067796610169496,1.0,1.242335319519043
2860,REINFORCE,EGFR,23,44,40.06279253959656,NCC1CCN(c2cc(O)nc(N)n2)CC1,true,1,true,0,0.6489504362939096,0.0,-0.06050000000000022,223.27999999999997,16.0,206.14399999999998,6.0,3.0,6.0,2.0,1.0,1.0,2.0,101.28999999999999,0.0,0.0,C10H17N5O,341.97706350376023,1.0,0.0,0.30000000000000004,0.2692307692307693,0.30000000000000004,0.2542372881355932,0.2753623188405797,0.30000000000000004,0.30000000000000004,1.0,1.242335319519043
2861,REINFORCE,EGFR,23,45,40.06279253959656,COc1ccc(NC(=O)c2cc(N3CCCC3Cn3nc(C)nc3-c3ccc(C)cc3)ncn2)c(OC)c1,true,1,true,0,0.3718652943270043,0.0,4.290440000000004,513.6020000000002,38.0,482.3540000000003,9.0,1.0,10.0,8.0,4.0,1.0,5.0,107.29,0.0,0.0,C28H31N7O3,1434.8953417916148,2.0,0.0,0.4057971014492754,0.23076923076923073,0.3285714285714286,0.30508474576271183,0.4057971014492754,0.4057971014492754,0.4057971014492754,1.0,1.242335319519043
2862,REINFORCE,EGFR,23,46,40.06279253959656,CCCc1[nH]c(-c2ccc(OC)c(OC)c2)c(-c2ccccc2O)c1C(C)=O,true,1,true,0,0.5517337559751957,0.0,5.226600000000005,379.4560000000001,28.0,354.25600000000014,4.0,2.0,5.0,7.0,3.0,0.0,3.0,71.55000000000001,0.0,0.0,C23H25NO4,1003.8320794490191,2.0,0.0,0.4347826086956522,0.40384615384615385,0.3285714285714286,0.2542372881355932,0.4347826086956522,0.4347826086956522,0.4347826086956522,1.0,1.242335319519043
2863,REINFORCE,EGFR,23,47,40.06279253959656,COc1ccc(C=C(NN=C2C(=O)Nc3ccccc32)C(S)=Nc2ccc(Cl)cc2Cl)cc1,true,1,true,0,0.170612264795398,0.0,5.948900000000004,497.40700000000015,33.0,479.26300000000015,5.0,3.0,9.0,6.0,3.0,1.0,4.0,75.08,0.0,0.0,C24H18Cl2N4O2S,1304.0712987669228,3.0,0.0,0.3220338983050848,0.25,0.30000000000000004,0.3220338983050848,0.3188405797101449,0.3220338983050848,0.3220338983050848,1.0,1.242335319519043
2864,REINFORCE,EGFR,23,48,40.06279253959656,COc1ccc(CCn2nc3c(c2N2CCN(C)CC(C)C2)CCC3)cc1,true,1,true,0,0.812368748877972,0.0,3.011000000000001,368.5250000000002,27.0,336.2690000000001,5.0,0.0,5.0,5.0,2.0,2.0,4.0,33.53,0.0,0.0,C22H32N4O,767.3651210624436,3.0,0.0,0.4915254237288136,0.3653846153846154,0.3857142857142857,0.4915254237288136,0.34782608695652173,0.4915254237288136,0.4915254237288136,1.0,1.242335319519043
2865,REINFORCE,EGFR,23,49,40.06279253959656,CC(C)N1CCC(OCCN=C(S)N2CCCCC2)CC1,true,1,true,0,0.3659610181049126,0.0,2.647500000000001,313.51100000000014,21.0,282.26300000000003,3.0,1.0,5.0,5.0,0.0,2.0,2.0,28.07,0.0,0.0,C16H31N3OS,321.4837783761905,4.0,0.0,0.35593220338983056,0.25,0.34285714285714286,0.35593220338983056,0.26086956521739135,0.35593220338983056,0.35593220338983056,1.0,1.242335319519043
2866,REINFORCE,EGFR,23,50,40.06279253959656,CCCn1c(=O)c2c(Oc3ccc(C(=O)NCC)cc3)c3c(nc2c2nc(OC)ncc21)CCC3,true,1,true,0,0.40692517895145364,0.0,3.7890000000000024,473.5330000000003,35.0,446.3170000000003,8.0,1.0,9.0,7.0,4.0,1.0,5.0,108.23,0.0,0.0,C26H27N5O4,1494.6661353364502,2.0,0.0,0.46376811594202894,0.32692307692307687,0.3857142857142857,0.288135593220339,0.46376811594202894,0.46376811594202894,0.46376811594202894,1.0,1.242335319519043
2867,REINFORCE,EGFR,23,51,40.06279253959656,Cc1ccc(Oc2cccc(-c3ccc4nc(NCCN5CCOCC5)nn4c3)c2)cc1C,true,1,true,0,0.45215847496950523,0.0,4.549540000000003,443.55100000000033,33.0,414.3190000000002,7.0,1.0,7.0,7.0,4.0,1.0,5.0,63.92,0.0,0.0,C26H29N5O2,1246.6549094966738,4.0,0.0,0.44067796610169496,0.28846153846153844,0.41428571428571426,0.44067796610169496,0.3623188405797102,0.44067796610169496,0.44067796610169496,1.0,1.242335319519043
2868,REINFORCE,EGFR,23,52,40.06279253959656,NC(=S)NN=Nc1ccccc1Oc1ccccc1,true,1,true,0,0.5085873313164059,0.0,3.3108000000000013,272.333,19.0,260.23699999999997,4.0,2.0,6.0,4.0,2.0,0.0,2.0,72.0,0.0,0.0,C13H12N4OS,586.2069051658386,2.0,0.0,0.2753623188405797,0.21153846153846156,0.22857142857142854,0.2542372881355932,0.2753623188405797,0.2753623188405797,0.2753623188405797,1.0,1.242335319519043
2869,REINFORCE,EGFR,23,53,40.06279253959656,NCCNc1cc2c(cc1N1CCOCC1)CCCN2C(N)=O,true,1,true,0,0.7598681215821396,0.0,0.7251000000000001,319.409,23.0,294.209,5.0,3.0,7.0,4.0,1.0,2.0,3.0,96.85,0.0,0.0,C16H25N5O2,571.8341769544224,3.0,0.0,0.34285714285714286,0.3076923076923077,0.34285714285714286,0.3220338983050848,0.28985507246376807,0.34285714285714286,0.34285714285714286,1.0,1.242335319519043
2870,REINFORCE,EGFR,23,54,40.06279253959656,COc1cc(CN2CCOCC2)ccc1OCc1ccc2c(c1)OCCCO2,true,1,true,0,0.7607661398045503,0.0,3.2677000000000023,385.4600000000002,28.0,358.24400000000014,6.0,0.0,6.0,6.0,2.0,2.0,4.0,49.39,0.0,0.0,C22H27NO5,788.4917343496453,3.0,0.0,0.33333333333333337,0.32692307692307687,0.30000000000000004,0.30508474576271183,0.33333333333333337,0.33333333333333337,0.33333333333333337,1.0,1.242335319519043
2871,REINFORCE,EGFR,23,55,40.06279253959656,COc1cc(CN(C(=O)C(N)Cc2cccnc2)C(C)C)cc(OC)c1,true,1,true,0,0.784893389757943,0.0,2.4057999999999993,357.4540000000001,26.0,330.2380000000001,5.0,1.0,6.0,8.0,2.0,0.0,2.0,77.68,0.0,0.0,C20H27N3O3,697.2462750515137,3.0,0.0,0.38983050847457623,0.3653846153846154,0.3285714285714286,0.38983050847457623,0.3623188405797102,0.38983050847457623,0.38983050847457623,1.0,1.242335319519043
2872,REINFORCE,EGFR,23,56,40.06279253959656,CNc1ccc(C(C)=NOC(=O)CCNS(=O)(=O)c2ccc(C)cc2)cc1,true,1,true,0,0.4109930548076885,0.0,2.6725200000000013,389.47700000000015,27.0,366.2930000000002,6.0,2.0,8.0,8.0,2.0,0.0,2.0,96.86000000000001,0.0,0.0,C19H23N3O4S,904.9758788174873,5.0,0.0,0.38983050847457623,0.2692307692307693,0.2857142857142857,0.38983050847457623,0.28985507246376807,0.38983050847457623,0.38983050847457623,1.0,1.242335319519043
2873,REINFORCE,EGFR,23,57,40.06279253959656,O=C(COc1ccc(Cl)cc1Cl)N1CCN(Cc2cscn2)CC1,true,1,true,0,0.7921193461635145,0.0,3.1731000000000016,386.30400000000014,24.0,369.1680000000001,5.0,0.0,8.0,5.0,2.0,1.0,3.0,45.67,0.0,0.0,C16H17Cl2N3O2S,688.6358994322261,3.0,0.0,0.35593220338983056,0.3076923076923077,0.34285714285714286,0.35593220338983056,0.34782608695652173,0.35593220338983056,0.35593220338983056,1.0,1.242335319519043
2874,REINFORCE,EGFR,23,58,40.06279253959656,CCCC1(C)CCC2CCC(=CC=CC(=O)OC3C(OC)C(OC(=O)c4ccccc4)OC4OC(C)(C)OC43)C2N1C,true,1,true,0,0.304325310410674,0.0,5.149700000000005,583.7220000000002,42.0,538.3620000000003,9.0,0.0,9.0,8.0,1.0,4.0,5.0,92.76,0.0,0.0,C33H45NO8,1181.7505375663509,2.0,0.0,0.2753623188405797,0.0,0.24285714285714288,0.13559322033898302,0.2753623188405797,0.2753623188405797,0.2753623188405797,1.0,1.242335319519043
2875,REINFORCE,EGFR,23,59,40.06279253959656,COc1cc(C=CC(=O)c2cc([N+](=O)[O-])ccc2C(=O)O)c(Br)cc1O,true,1,true,0,0.3147935327758992,0.0,3.665800000000002,422.18700000000007,26.0,410.09100000000007,6.0,2.0,9.0,6.0,2.0,0.0,2.0,126.97,0.0,0.0,C17H12BrNO7,936.9489010406533,2.0,0.0,0.35593220338983056,0.34615384615384615,0.27142857142857146,0.35593220338983056,0.34782608695652173,0.35593220338983056,0.35593220338983056,1.0,1.242335319519043
2876,REINFORCE,EGFR,23,60,40.06279253959656,COc1ccc(OC)c(C=CCN(C)Cc2c(OC)cc(=O)sc2OC)c1,true,1,true,0,0.6538380137545197,0.0,3.2879000000000023,391.4890000000001,27.0,366.2890000000001,7.0,0.0,7.0,9.0,2.0,0.0,2.0,57.230000000000004,0.0,0.0,C20H25NO5S,818.5010945649641,4.0,0.0,0.4,0.3653846153846154,0.4,0.3389830508474576,0.37681159420289856,0.4,0.4,1.0,1.242335319519043
2877,REINFORCE,EGFR,23,61,40.06279253959656,OC1C(O)C(Nc2cc(O)c3c(c(-c4ccc(O)cc4)cn3C)c2=O)OC1COCOCC,false,0,true,0,0.0,0.0,0.0,0.0,0.0,0.0,0.0,0.0,0.0,0.0,0.0,0.0,0.0,0.0,0.0,0.0,0.0,0.0,0.0,0.0,0.0,0.0,0.0,0.0,0.0,1e-06,1e-06,1.0,1.242335319519043
2878,REINFORCE,EGFR,23,62,40.06279253959656,NCC1OC(n2ccc(=O)[nH]c2=O)C(O)C(O)C1O,true,1,true,0,0.37434779411181923,0.0,-3.524599999999999,273.245,19.0,258.125,8.0,5.0,9.0,2.0,1.0,1.0,2.0,150.79999999999998,0.0,0.0,C10H15N3O6,552.6862383872461,1.0,0.0,0.30508474576271183,0.2692307692307693,0.2571428571428571,0.30508474576271183,0.26086956521739135,0.30508474576271183,0.30508474576271183,1.0,1.242335319519043
2879,REINFORCE,EGFR,23,63,40.06279253959656,Cc1ccc[n+](CCCCCCCCSCCC#N)[n+]1C,true,1,true,0,0.46458116725755305,0.0,3.094500000000002,307.507,21.0,278.275,2.0,0.0,4.0,11.0,1.0,0.0,1.0,31.549999999999997,0.0,2.0,C17H29N3S+2,440.15162783960693,12.0,0.0,0.3389830508474576,0.23076923076923073,0.30000000000000004,0.3389830508474576,0.21739130434782605,0.3389830508474576,0.3389830508474576,1.0,1.242335319519043
2880,REINFORCE,EGFR,23,64,40.06279253959656,O=C1NC(=O)C(C(=O)NC2CCCC2)S1,true,1,true,0,0.6706346664673258,0.0,0.3967999999999994,228.27299999999994,15.0,216.17699999999996,4.0,2.0,6.0,2.0,0.0,2.0,2.0,75.27,0.0,0.0,C9H12N2O3S,312.47931766296983,1.0,0.0,0.3220338983050848,0.2692307692307693,0.2571428571428571,0.3220338983050848,0.21739130434782605,0.3220338983050848,0.3220338983050848,1.0,1.242335319519043
2881,REINFORCE,EGFR,23,65,40.06279253959656,CCN(C(=O)c1cc(NC(=O)c2cccc([N+](=O)[O-])c2)c(Cl)cc1Cl)c1ccc(C)cc1,true,1,true,0,0.34517224659823925,0.0,6.129020000000004,472.32800000000015,32.0,453.1760000000002,4.0,1.0,9.0,6.0,3.0,0.0,3.0,92.55000000000001,0.0,0.0,C23H19Cl2N3O4,1196.345932504079,2.0,0.0,0.3623188405797102,0.13461538461538458,0.3285714285714286,0.23728813559322037,0.3623188405797102,0.3623188405797102,0.3623188405797102,1.0,1.242335319519043
2882,REINFORCE,EGFR,23,66,40.06279253959656,COc1ccc(-c2cc([N+](=O)[O-])n(C(C)c3ccccc3)n2)cc1,true,1,true,0,0.5238746166532591,0.0,4.076200000000003,323.352,24.0,306.21600000000007,5.0,0.0,6.0,5.0,3.0,0.0,3.0,70.19,0.0,0.0,C18H17N3O3,841.7053625587803,2.0,0.0,0.34782608695652173,0.28846153846153844,0.30000000000000004,0.3389830508474576,0.34782608695652173,0.34782608695652173,0.34782608695652173,1.0,1.242335319519043
2883,REINFORCE,EGFR,23,67,40.06279253959656,COc1cc(-c2c(N3CCOCC3)nc3nc(N4CCOCC4)ccn23)cc(OC)c1OC,true,1,true,0,0.5548455127782398,0.0,2.0953,455.5150000000003,33.0,426.2830000000003,10.0,0.0,10.0,6.0,3.0,2.0,5.0,82.82000000000001,0.0,0.0,C23H29N5O5,1096.867869224102,1.0,0.0,0.3913043478260869,0.2692307692307693,0.37142857142857144,0.30508474576271183,0.3913043478260869,0.3913043478260869,0.3913043478260869,1.0,1.242335319519043
2884,REINFORCE,EGFR,23,68,40.06279253959656,CN1CCC(c2nccc(-c3cn(C4CC4)c4nc(N5CCOCC5)c(F)cc4c3=O)n2)CC1,true,1,true,0,0.5875841455532681,0.0,2.973300000000002,464.54500000000036,34.0,435.3130000000002,8.0,0.0,9.0,4.0,3.0,3.0,6.0,76.38,0.0,0.0,C25H29FN6O2,1276.3713920511366,1.0,1.0,0.48571428571428577,0.23076923076923073,0.48571428571428577,0.30508474576271183,0.37681159420289856,0.48571428571428577,0.48571428571428577,1.0,1.242335319519043
2885,REINFORCE,EGFR,23,69,40.06279253959656,COc1ccc(-n2nc(C)n(OCCN3CCOCC3)c2=O)cc1,true,1,true,0,0.7468491241797495,0.0,0.11182000000000114,334.3760000000001,24.0,312.2000000000001,8.0,0.0,8.0,6.0,2.0,1.0,3.0,70.75,0.0,0.0,C16H22N4O4,716.6689080690365,4.0,0.0,0.4067796610169492,0.32692307692307687,0.3571428571428571,0.4067796610169492,0.33333333333333337,0.4067796610169492,0.4067796610169492,1.0,1.242335319519043
2886,REINFORCE,EGFR,23,70,40.06279253959656,CCOC(=O)c1ccc(NC(=O)NC2CCCCC2NC(=O)c2ccc(OCC)cc2)cc1,true,1,true,0,0.5214807917255031,0.0,4.124700000000003,453.53900000000016,33.0,422.2910000000002,5.0,3.0,8.0,8.0,2.0,1.0,3.0,105.76,0.0,0.0,C25H31N3O5,943.5196744930047,2.0,0.0,0.4915254237288136,0.21153846153846156,0.37142857142857144,0.4915254237288136,0.3623188405797102,0.4915254237288136,0.4915254237288136,1.0,1.242335319519043
2887,REINFORCE,EGFR,23,71,40.06279253959656,CCOC(C)c1c(C)nc(NCc2ccc(C(=O)O)cc2)nc1O,true,1,true,0,0.7161879914745513,0.0,2.898420000000001,331.372,24.0,310.204,6.0,3.0,7.0,7.0,2.0,0.0,2.0,104.57000000000001,0.0,0.0,C17H21N3O4,693.2707484914811,3.0,0.0,0.34782608695652173,0.3076923076923077,0.3285714285714286,0.3389830508474576,0.34782608695652173,0.34782608695652173,0.34782608695652173,1.0,1.242335319519043
2888,REINFORCE,EGFR,23,72,40.06279253959656,Cc1cc(C)c(Nc2ccnc(Nc3ccc(CC(=O)N4CCOCC4)cc3)n2)cn1,true,1,true,0,0.6339394171479896,0.0,3.376940000000001,418.50100000000026,31.0,392.2930000000001,7.0,2.0,8.0,6.0,3.0,1.0,4.0,92.27000000000001,0.0,0.0,C23H26N6O2,1048.1872755735506,2.0,0.0,0.4915254237288136,0.3846153846153846,0.4285714285714286,0.4915254237288136,0.3623188405797102,0.4915254237288136,0.4915254237288136,1.0,1.242335319519043
2889,REINFORCE,EGFR,23,73,40.06279253959656,CNC(=O)C1=NC(=O)C(=Cc2ccc(OC)c(OC)c2)C1c1ccccc1,true,1,true,0,0.8276026399853095,0.0,2.5982000000000003,364.40100000000007,27.0,344.24100000000016,4.0,1.0,6.0,5.0,2.0,1.0,3.0,76.99000000000001,0.0,0.0,C21H20N2O4,932.4527231967251,1.0,0.0,0.3571428571428571,0.21153846153846156,0.3571428571428571,0.288135593220339,0.34782608695652173,0.3571428571428571,0.3571428571428571,1.0,1.242335319519043
2890,REINFORCE,EGFR,23,74,40.06279253959656,CC(C)c1cc(C(Cc2ccccc2Cl)NS(=O)(=O)c2ccc(F)cc2)n(-c2ccccc2)n1,true,1,true,0,0.32203531561481663,0.0,6.050500000000006,498.0230000000002,34.0,472.8230000000003,4.0,1.0,8.0,8.0,4.0,0.0,4.0,63.99,0.0,0.0,C26H25ClFN3O2S,1370.9433464824979,6.0,1.0,0.37681159420289856,0.21153846153846156,0.34285714285714286,0.288135593220339,0.37681159420289856,0.37681159420289856,0.37681159420289856,1.0,1.242335319519043
2891,REINFORCE,EGFR,23,75,40.06279253959656,O=C1CCC(c2cccn(Cc3ccc(OCc4ccc(Cl)cc4)cc3)c2=O)=NN1,true,1,true,0,0.6585027983103645,0.0,3.7431000000000028,421.884,30.0,401.7240000000001,5.0,1.0,7.0,6.0,3.0,1.0,4.0,72.69,0.0,0.0,C23H20ClN3O3,1135.6049660371714,3.0,0.0,0.4285714285714286,0.34615384615384615,0.4285714285714286,0.288135593220339,0.37681159420289856,0.4285714285714286,0.4285714285714286,1.0,1.242335319519043
2892,REINFORCE,EGFR,23,76,40.06279253959656,N#CC(=Cc1c(Br)ccc(Cl)c1Cl)C(N)=O,true,1,true,0,0.5166691290946223,0.0,3.14818,319.97300000000007,16.0,314.933,2.0,1.0,6.0,2.0,1.0,0.0,1.0,66.88,0.0,0.0,C10H5BrCl2N2O,520.2856939694657,2.0,0.0,0.3142857142857143,0.3076923076923077,0.3142857142857143,0.288135593220339,0.2753623188405797,0.3142857142857143,0.3142857142857143,1.0,1.242335319519043
2893,REINFORCE,EGFR,23,77,40.06279253959656,O=C(CS(=O)(=O)C1CCCC1)NCc1ccc(Cl)cc1Cl,true,1,true,0,0.8880705737244408,0.0,2.9670000000000005,350.26699999999994,21.0,333.131,3.0,1.0,7.0,5.0,1.0,1.0,2.0,63.24,0.0,0.0,C14H17Cl2NO3S,625.1063326559138,3.0,0.0,0.30000000000000004,0.21153846153846156,0.30000000000000004,0.288135593220339,0.2753623188405797,0.30000000000000004,0.30000000000000004,1.0,1.242335319519043
2894,REINFORCE,EGFR,23,78,40.06279253959656,O=C(c1cc(=O)c2cc(F)ccc2s1)N1CCN(Cc2cccc(F)c2)CC1,true,1,true,0,0.6757999966650332,0.0,3.4977000000000027,400.45000000000016,28.0,382.30600000000015,4.0,0.0,7.0,3.0,3.0,1.0,4.0,40.620000000000005,0.0,0.0,C21H18F2N2O2S,1091.2009116986344,2.0,2.0,0.38983050847457623,0.3076923076923077,0.3857142857142857,0.38983050847457623,0.37681159420289856,0.38983050847457623,0.38983050847457623,1.0,1.242335319519043
2895,REINFORCE,EGFR,23,79,40.06279253959656,C#CCN(c1nc(Nc2nc(N(C)CCO)ccc2C)n(C)c(=O)c1F)C1CCCCC1,true,1,true,0,0.607868876223157,0.0,2.56722,442.5390000000003,32.0,411.29100000000017,8.0,2.0,9.0,8.0,2.0,1.0,3.0,86.52000000000001,0.0,0.0,C23H31FN6O2,1042.0028480335425,4.0,1.0,0.4782608695652174,0.4423076923076923,0.4,0.35593220338983056,0.4782608695652174,0.4782608695652174,0.4782608695652174,1.0,1.242335319519043
2896,REINFORCE,EGFR,23,80,40.06279253959656,COc1ccc(OCc2cc(NC(C)=O)cc(C(C)=O)c2)c(N)c1,true,1,true,0,0.6281472933640976,0.0,3.017400000000001,328.36800000000005,24.0,308.208,5.0,2.0,6.0,6.0,2.0,0.0,2.0,90.64999999999999,0.0,0.0,C18H20N2O4,771.6092318875836,3.0,0.0,0.42307692307692313,0.42307692307692313,0.37142857142857144,0.38983050847457623,0.37681159420289856,0.42307692307692313,0.42307692307692313,1.0,1.242335319519043
2897,REINFORCE,EGFR,23,81,40.06279253959656,O=C(NCc1ccc(Cl)cc1Cl)Nc1cccc(NC(CO)CO)c1,true,1,true,0,0.5073017524320108,0.0,3.0802000000000014,384.26300000000015,25.0,365.11100000000016,4.0,5.0,8.0,7.0,2.0,0.0,2.0,93.62,0.0,0.0,C17H19Cl2N3O3,724.0343017925073,4.0,0.0,0.3846153846153846,0.3846153846153846,0.3285714285714286,0.3728813559322034,0.33333333333333337,0.3846153846153846,0.3846153846153846,1.0,1.242335319519043
2898,REINFORCE,EGFR,23,82,40.06279253959656,CNC(=O)c1cc2ncncc(Nc3cc(Br)c(Br)cc3F)c-2n1,true,1,true,0,0.5889783011069923,0.0,3.7437000000000014,455.0850000000001,24.0,445.00500000000005,5.0,2.0,9.0,3.0,1.0,2.0,3.0,79.8,0.0,0.0,C15H10Br2FN5O,905.1590236482702,2.0,1.0,0.4057971014492754,0.3653846153846154,0.34285714285714286,0.3220338983050848,0.4057971014492754,0.4057971014492754,0.4057971014492754,1.0,1.242335319519043
2899,REINFORCE,EGFR,23,83,40.06279253959656,C=CC1(C)OCCc2cc(O)c(O)c(O)c21,true,1,true,0,0.5000769656214267,0.0,1.7773000000000008,222.23999999999998,16.0,208.12799999999996,4.0,3.0,4.0,1.0,1.0,1.0,2.0,69.92,0.0,0.0,C12H14O4,452.82224935717926,1.0,0.0,0.3142857142857143,0.2692307692307693,0.3142857142857143,0.30508474576271183,0.28985507246376807,0.3142857142857143,0.3142857142857143,1.0,1.242335319519043
2900,REINFORCE,EGFR,23,84,40.06279253959656,COc1cc(Cn2c(C)c(C(=O)CCC(=O)O)c3c(O)cccc32)cc(OC)c1OC,true,1,true,0,0.500563266324557,0.0,3.7769200000000023,427.45300000000015,31.0,402.2530000000002,7.0,2.0,8.0,9.0,3.0,0.0,3.0,107.22000000000001,0.0,0.0,C23H25NO7,1121.517878791214,4.0,0.0,0.4057971014492754,0.2692307692307693,0.30000000000000004,0.30508474576271183,0.4057971014492754,0.4057971014492754,0.4057971014492754,1.0,1.242335319519043
2901,REINFORCE,EGFR,23,85,40.06279253959656,COc1cnc(C(=O)N(C)C)c(NCCN=C(N)N)c1,true,1,true,0,0.36624531847446057,0.0,-0.5226999999999979,280.332,20.0,260.172,5.0,3.0,8.0,6.0,1.0,0.0,1.0,118.85999999999999,0.0,0.0,C12H20N6O2,496.72095643517207,4.0,0.0,0.38983050847457623,0.3846153846153846,0.3142857142857143,0.38983050847457623,0.28985507246376807,0.38983050847457623,0.38983050847457623,1.0,1.242335319519043
2902,REINFORCE,EGFR,23,86,40.06279253959656,COc1cc(OC)c(C(=O)Nc2cc(N)ccc2Cl)c(C(C)C)n1,true,1,true,0,0.8033925460704409,0.0,3.7101000000000015,349.8180000000001,24.0,329.6580000000001,5.0,2.0,7.0,5.0,2.0,0.0,2.0,86.47,0.0,0.0,C17H20ClN3O3,762.9862538539929,1.0,0.0,0.4067796610169492,0.3846153846153846,0.30000000000000004,0.4067796610169492,0.3188405797101449,0.4067796610169492,0.4067796610169492,1.0,1.242335319519043
2903,REINFORCE,EGFR,23,87,40.06279253959656,CCOc1cc(Cc2cc3ccccc3oc2=O)ccc1OCCNS(=O)(=O)CC,true,1,true,0,0.3915438365810877,0.0,3.100600000000001,431.5100000000002,30.0,406.3100000000001,6.0,1.0,8.0,10.0,3.0,0.0,3.0,94.84,0.0,0.0,C22H25NO6S,1169.7064690573156,6.0,0.0,0.4423076923076923,0.4423076923076923,0.3142857142857143,0.38983050847457623,0.34782608695652173,0.4423076923076923,0.4423076923076923,1.0,1.242335319519043
2904,REINFORCE,EGFR,23,88,40.06279253959656,CCOc1ccc(C(=O)N2CCC(N3C(=O)NC(N)=Nc4cc(Cl)ccc43)CC2)cc1,true,1,true,0,0.7575354466299787,0.0,3.519300000000002,441.91900000000015,31.0,417.72700000000015,5.0,2.0,9.0,4.0,2.0,2.0,4.0,100.26,0.0,0.0,C22H24ClN5O3,1016.3064835829271,2.0,0.0,0.38983050847457623,0.23076923076923073,0.3285714285714286,0.38983050847457623,0.28985507246376807,0.38983050847457623,0.38983050847457623,1.0,1.242335319519043
2905,REINFORCE,EGFR,23,89,40.06279253959656,NS(=O)(=O)c1cccc(NC(=O)c2c(O)c3ccccc3n(Cc3ccc(Cl)c(Cl)c3)c2=O)c1,true,1,true,0,0.368166433073146,0.0,3.9619000000000026,518.3780000000003,34.0,501.24200000000036,6.0,3.0,11.0,5.0,4.0,0.0,4.0,131.48999999999998,0.0,0.0,C23H17Cl2N3O5S,1617.237973686173,2.0,0.0,0.3285714285714286,0.13461538461538458,0.3285714285714286,0.2542372881355932,0.3188405797101449,0.3285714285714286,0.3285714285714286,1.0,1.242335319519043
2906,REINFORCE,EGFR,23,90,40.06279253959656,Nc1cc(O)cc(C2(CO)COc3ccccc3O2)c1,true,1,true,0,0.7241673120304477,0.0,1.6333999999999997,273.288,20.0,258.16799999999995,5.0,3.0,5.0,2.0,2.0,1.0,3.0,84.94000000000001,0.0,0.0,C15H15NO4,623.2706819135308,1.0,0.0,0.35593220338983056,0.3076923076923077,0.27142857142857146,0.35593220338983056,0.34782608695652173,0.35593220338983056,0.35593220338983056,1.0,1.242335319519043
2907,REINFORCE,EGFR,23,91,40.06279253959656,NCc1cn(CCO)c2c1CCCC2,true,1,true,0,0.7481011695850774,0.0,0.8178999999999996,194.27799999999993,14.0,176.13399999999996,3.0,2.0,3.0,3.0,1.0,1.0,2.0,51.18,0.0,0.0,C11H18N2O,317.3325874257708,2.0,0.0,0.28846153846153844,0.28846153846153844,0.19999999999999996,0.2542372881355932,0.24637681159420288,0.28846153846153844,0.28846153846153844,1.0,1.242335319519043
2908,REINFORCE,EGFR,23,92,40.06279253959656,CCc1nc2c(C)cc3ccccc3c2[nH]1,true,1,true,0,0.6529643103062706,0.0,3.586920000000002,210.28,16.0,196.16799999999998,1.0,1.0,2.0,1.0,3.0,0.0,3.0,28.68,0.0,0.0,C14H14N2,664.8577367290684,1.0,0.0,0.32692307692307687,0.32692307692307687,0.22857142857142854,0.27118644067796616,0.28985507246376807,0.32692307692307687,0.32692307692307687,1.0,1.242335319519043
2909,REINFORCE,EGFR,23,93,40.06279253959656,CC(=O)Nc1cc2cccnc2cc1N,true,1,true,0,0.6907939157284013,0.0,1.7753999999999996,201.22899999999998,15.0,190.14099999999996,3.0,2.0,4.0,1.0,2.0,0.0,2.0,68.01,0.0,0.0,C11H11N3O,522.2220028116267,1.0,0.0,0.3188405797101449,0.25,0.22857142857142854,0.288135593220339,0.3188405797101449,0.3188405797101449,0.3188405797101449,1.0,1.242335319519043
2910,REINFORCE,EGFR,23,94,40.06279253959656,CC1(C)CCc2cc(C3CC3)cc(COC(=O)Cc3cncnc3)c2O1,true,1,true,0,0.7672178247282248,0.0,3.7435000000000027,352.434,26.0,328.242,5.0,0.0,5.0,5.0,2.0,2.0,4.0,61.31,0.0,0.0,C21H24N2O3,813.5059445967136,2.0,0.0,0.35593220338983056,0.3076923076923077,0.34285714285714286,0.35593220338983056,0.3188405797101449,0.35593220338983056,0.35593220338983056,1.0,1.242335319519043
2911,REINFORCE,EGFR,23,95,40.06279253959656,Clc1ccc2c(c1)N1CCN=C2N1,true,1,true,0,0.6751807400029265,0.0,1.4247999999999998,193.63699999999997,13.0,185.57299999999998,3.0,1.0,4.0,0.0,1.0,2.0,3.0,27.63,0.0,0.0,C9H8ClN3,399.8463295768591,0.0,0.0,0.3076923076923077,0.3076923076923077,0.19999999999999996,0.27118644067796616,0.23188405797101452,0.3076923076923077,0.3076923076923077,1.0,1.242335319519043
2912,REINFORCE,EGFR,23,96,40.06279253959656,Cc1nc(-c2cccc(F)n2)n(-c2nn(CC(C)(C)C)c3c(=O)[nH]ccc23)n1,true,1,true,0,0.5508348335239504,0.0,2.860920000000001,381.4150000000001,28.0,361.2550000000001,7.0,1.0,9.0,3.0,4.0,0.0,4.0,94.27999999999999,0.0,0.0,C19H20FN7O,1229.2802102192288,2.0,1.0,0.3389830508474576,0.25,0.3285714285714286,0.3389830508474576,0.3188405797101449,0.3389830508474576,0.3389830508474576,1.0,1.242335319519043
2913,REINFORCE,EGFR,23,97,40.06279253959656,O=C(O)c1cc2sc([N+](=O)[O-])nc2c2ccccc12,true,1,true,0,0.5722018710954623,0.0,3.0559000000000003,274.257,19.0,268.209,5.0,1.0,7.0,2.0,3.0,0.0,3.0,93.33,0.0,0.0,C12H6N2O4S,840.2282254683028,1.0,0.0,0.3188405797101449,0.23076923076923073,0.24285714285714288,0.27118644067796616,0.3188405797101449,0.3188405797101449,0.3188405797101449,1.0,1.242335319519043
2914,REINFORCE,EGFR,23,98,40.06279253959656,CN(C)CCNC(=O)Oc1ccc2cc(-c3ccc4c(c3)OCO4)oc2c1,true,1,true,0,0.7433162631958823,0.0,3.4785000000000013,368.3890000000002,27.0,348.2290000000001,6.0,1.0,7.0,5.0,3.0,1.0,4.0,73.17000000000002,0.0,0.0,C20H20N2O5,979.6625657549233,3.0,0.0,0.3623188405797102,0.28846153846153844,0.30000000000000004,0.3220338983050848,0.3623188405797102,0.3623188405797102,0.3623188405797102,1.0,1.242335319519043
2915,REINFORCE,EGFR,23,99,40.06279253959656,CN(C)CCCNC(=O)c1ccc(N)c(NC(=O)c2cc(-c3cccc(Cl)c3)nc3ccccc23)c1,true,1,true,0,0.2309887828430033,0.0,5.071200000000003,502.0180000000002,36.0,473.79400000000027,5.0,3.0,8.0,8.0,4.0,0.0,4.0,100.35000000000001,0.0,0.0,C28H28ClN5O2,1420.486899837467,4.0,0.0,0.3623188405797102,0.15384615384615385,0.3142857142857143,0.2033898305084746,0.3623188405797102,0.3623188405797102,0.3623188405797102,1.0,1.242335319519043
2916,REINFORCE,EGFR,23,100,40.06279253959656,Cc1ccnc(C(C)Nc2nc(-n3nc(-c4ccccn4)nc3C)ccc2C(C)C)n1,true,1,true,0,0.49866618432374527,0.0,4.427640000000003,414.51700000000017,31.0,388.30900000000014,8.0,1.0,8.0,6.0,4.0,0.0,4.0,94.30000000000001,0.0,0.0,C23H26N8,1183.4180751774495,3.0,0.0,0.42028985507246375,0.32692307692307687,0.3285714285714286,0.38983050847457623,0.42028985507246375,0.42028985507246375,0.42028985507246375,1.0,1.242335319519043
2917,REINFORCE,EGFR,23,101,40.06279253959656,CCCc1ccc(-n2nnnn2)c(NC(=O)CNc2ccc(CCOC(C)=O)c(C)c2C)c1,true,1,true,0,0.45108530782945344,0.0,2.782840000000001,451.53100000000035,33.0,422.2990000000003,9.0,2.0,10.0,10.0,3.0,0.0,3.0,123.92000000000002,0.0,0.0,C23H29N7O3,1113.4928538340814,3.0,0.0,0.3913043478260869,0.3076923076923077,0.3571428571428571,0.3728813559322034,0.3913043478260869,0.3913043478260869,0.3913043478260869,1.0,1.242335319519043
2918,REINFORCE,EGFR,23,102,40.06279253959656,O=C1NC(=O)c2ccccc2C1=NNC(=O)c1ccc(OCc2ccccc2)cc1,true,1,true,0,0.5092117316878111,0.0,2.6697000000000006,399.4060000000001,30.0,382.2700000000002,5.0,2.0,7.0,5.0,3.0,1.0,4.0,96.86,0.0,0.0,C23H17N3O4,1138.6245160458252,3.0,0.0,0.38983050847457623,0.25,0.34285714285714286,0.38983050847457623,0.34782608695652173,0.38983050847457623,0.38983050847457623,1.0,1.242335319519043
2919,REINFORCE,EGFR,23,103,40.06279253959656,COc1ccc(Cn2c(=O)c3nnc(C)n3n(Cc3ccc(-c4ccc(Cl)nc4)o3)c2=O)cc1,true,1,true,0,0.34500373205900337,0.0,2.7747200000000003,478.8960000000002,34.0,459.7440000000003,10.0,0.0,11.0,6.0,5.0,0.0,5.0,109.44999999999999,0.0,0.0,C23H19ClN6O4,1596.2873168940964,2.0,0.0,0.3623188405797102,0.2692307692307693,0.27142857142857146,0.3389830508474576,0.3623188405797102,0.3623188405797102,0.3623188405797102,1.0,1.242335319519043
2920,REINFORCE,EGFR,23,104,40.06279253959656,COc1cc(-c2csc(-c3ccnc(C)c3)n2)ccc1N1CCN(C)CC1,true,1,true,0,0.6857045779893657,0.0,3.9409200000000038,380.5170000000002,27.0,356.3250000000001,6.0,0.0,6.0,4.0,3.0,1.0,4.0,41.49000000000001,0.0,0.0,C21H24N4OS,931.4359720782619,1.0,0.0,0.5384615384615384,0.5384615384615384,0.34285714285714286,0.4576271186440678,0.4782608695652174,0.5384615384615384,0.5384615384615384,1.0,1.242335319519043
2921,REINFORCE,EGFR,23,105,40.06279253959656,Cc1ccccc1NC(=O)Nc1ccccc1OC(=O)c1ccnc(N2CCOCC2)c1,true,1,true,0,0.46603932207298204,0.0,4.089820000000002,432.4800000000003,32.0,408.2880000000002,6.0,2.0,8.0,5.0,3.0,1.0,4.0,92.79,0.0,0.0,C24H24N4O4,1112.4131674137932,1.0,0.0,0.3728813559322034,0.3653846153846154,0.2857142857142857,0.3728813559322034,0.34782608695652173,0.3728813559322034,0.3728813559322034,1.0,1.242335319519043
2922,REINFORCE,EGFR,23,106,40.06279253959656,COc1cc(-c2ccc(C3CCNCC3)o2)cc(OC)c1OC,true,1,true,0,0.9152875532096727,0.0,3.439400000000002,317.38500000000005,23.0,294.201,5.0,1.0,5.0,5.0,2.0,1.0,3.0,52.86,0.0,0.0,C18H23NO4,633.7863512115692,1.0,0.0,0.4347826086956522,0.42307692307692313,0.3571428571428571,0.3728813559322034,0.4347826086956522,0.4347826086956522,0.4347826086956522,1.0,1.242335319519043
2923,REINFORCE,EGFR,23,107,40.06279253959656,CCCC(C)NC(=O)CN1C(=O)CC(c2ccc(OC)c(OC)c2)c2cc3c(cc21)OCO3,true,1,true,0,0.6559485096307777,0.0,3.605900000000002,454.5230000000003,33.0,424.28300000000024,6.0,1.0,8.0,8.0,2.0,2.0,4.0,86.33000000000001,0.0,0.0,C25H30N2O6,1053.4329242259685,3.0,0.0,0.3285714285714286,0.17307692307692313,0.3285714285714286,0.1694915254237288,0.3188405797101449,0.3285714285714286,0.3285714285714286,1.0,1.242335319519043
2924,REINFORCE,EGFR,23,108,40.06279253959656,COc1cc(OC)cc(-c2cnc3[nH]nc(-c4ccc(NC(=O)NCCn5ccnc5)cc4)c3c2)c1,true,1,true,0,0.3023328900857342,0.0,4.327300000000002,483.5320000000002,36.0,458.3320000000003,7.0,3.0,10.0,8.0,5.0,0.0,5.0,118.98,0.0,0.0,C26H25N7O3,1455.5117285223334,3.0,0.0,0.34782608695652173,0.21153846153846156,0.30000000000000004,0.288135593220339,0.34782608695652173,0.34782608695652173,0.34782608695652173,1.0,1.242335319519043
2925,REINFORCE,EGFR,23,109,40.06279253959656,O=C(O)c1ccc(NC(=O)c2cc(-c3ccccc3)nc3ccccc23)cc1Cl,true,1,true,0,0.4716492795569275,0.0,5.505700000000003,402.8370000000001,29.0,387.7170000000001,3.0,2.0,6.0,4.0,4.0,0.0,4.0,79.29,0.0,0.0,C23H15ClN2O3,1239.5671077927755,1.0,0.0,0.42028985507246375,0.2692307692307693,0.2857142857142857,0.23728813559322037,0.42028985507246375,0.42028985507246375,0.42028985507246375,1.0,1.242335319519043
2926,REINFORCE,EGFR,23,110,40.06279253959656,Cc1cccc(-n2c(=O)c3cccnc3n(CCc3ccccc3)c2=O)c1,true,1,true,0,0.5638939166424113,0.0,3.0985200000000015,357.41300000000007,27.0,338.26100000000014,5.0,0.0,5.0,4.0,4.0,0.0,4.0,56.89,0.0,0.0,C22H19N3O2,1223.73738836529,3.0,0.0,0.3846153846153846,0.3846153846153846,0.30000000000000004,0.3220338983050848,0.34782608695652173,0.3846153846153846,0.3846153846153846,1.0,1.242335319519043
2927,REINFORCE,EGFR,23,111,40.06279253959656,ON=C(c1ccc(Oc2ccc(Cl)cc2)cn1)N1CCOCC1,true,1,true,0,0.40461101068465605,0.0,2.995300000000001,333.7750000000002,23.0,317.64700000000005,5.0,1.0,7.0,3.0,2.0,1.0,3.0,67.18,0.0,0.0,C16H16ClN3O3,667.9747453943687,2.0,0.0,0.46153846153846156,0.46153846153846156,0.30000000000000004,0.3389830508474576,0.4057971014492754,0.46153846153846156,0.46153846153846156,1.0,1.242335319519043
2928,REINFORCE,EGFR,23,112,40.06279253959656,O=S(=O)(c1ccc2c(c1)OCO2)N1CCN(CC(O)COc2ccccc2)CC1,true,1,true,0,0.7191316866434242,0.0,1.1614999999999995,420.48700000000014,29.0,396.29500000000024,7.0,1.0,9.0,7.0,2.0,2.0,4.0,88.54000000000002,0.0,0.0,C20H24N2O6S,929.2425384732908,5.0,0.0,0.41428571428571426,0.2692307692307693,0.41428571428571426,0.38983050847457623,0.3623188405797102,0.41428571428571426,0.41428571428571426,1.0,1.242335319519043
2929,REINFORCE,EGFR,23,113,40.06279253959656,N#Cc1ccc(OCCn2cc(C=C3C(=O)NC(=O)NC3=O)c(-c3ccccc3)n2)cc1,true,1,true,0,0.4590068817024648,0.0,2.2501800000000003,427.4200000000001,32.0,410.2840000000002,7.0,2.0,9.0,6.0,3.0,1.0,4.0,126.11,0.0,0.0,C23H17N5O4,1231.7889231342801,4.0,0.0,0.34782608695652173,0.15384615384615385,0.2857142857142857,0.3220338983050848,0.34782608695652173,0.34782608695652173,0.34782608695652173,1.0,1.242335319519043
2930,REINFORCE,EGFR,23,114,40.06279253959656,COc1ccc(C2CC(=O)N(C)C(=O)N2CC(=O)c2ccccc2)cc1,true,1,true,0,0.7762289937904735,0.0,2.9033000000000015,352.39,26.0,332.23000000000013,4.0,0.0,6.0,5.0,2.0,1.0,3.0,66.92,0.0,0.0,C20H20N2O4,817.4646426634729,3.0,0.0,0.35593220338983056,0.34615384615384615,0.2857142857142857,0.35593220338983056,0.28985507246376807,0.35593220338983056,0.35593220338983056,1.0,1.242335319519043
2931,REINFORCE,EGFR,23,115,40.06279253959656,c1cccc(CC(C(NC(=O)c2ccc(NS(=O)(c3c(C)sc(-c4c5c([nH]n4)CCN(CCO)CC5)n3)nc2)C)C)c1,false,0,true,0,0.0,0.0,0.0,0.0,0.0,0.0,0.0,0.0,0.0,0.0,0.0,0.0,0.0,0.0,0.0,0.0,0.0,0.0,0.0,0.0,0.0,0.0,0.0,0.0,0.0,1e-06,1e-06,1.0,1.242335319519043
2932,REINFORCE,EGFR,23,116,40.06279253959656,NS(=O)(=O)c1cc(Cc2ccccc2)c(C(=O)O)s1,true,1,true,0,0.8968154832666536,0.0,1.6845000000000006,297.35699999999997,19.0,286.26899999999995,4.0,2.0,7.0,4.0,2.0,0.0,2.0,97.46000000000001,0.0,0.0,C12H11NO4S2,704.5855433049933,2.0,0.0,0.33333333333333337,0.28846153846153844,0.3285714285714286,0.3220338983050848,0.33333333333333337,0.33333333333333337,0.33333333333333337,1.0,1.242335319519043
2933,REINFORCE,EGFR,23,117,40.06279253959656,O=C(NCCCCn1ccnc1)C1CC(=O)N(c2ccccc2)C1,true,1,true,0,0.7895013839772653,0.0,1.8325999999999991,326.4000000000001,24.0,304.22400000000005,4.0,1.0,6.0,7.0,2.0,1.0,3.0,67.23,0.0,0.0,C18H22N4O2,669.591911912755,5.0,0.0,0.34285714285714286,0.25,0.34285714285714286,0.288135593220339,0.3188405797101449,0.34285714285714286,0.34285714285714286,1.0,1.242335319519043
2934,REINFORCE,EGFR,23,118,40.06279253959656,Cc1[nH]c(Cc2cccnc2)c(C)c1-c1ccccc1OCCCC(=O)O,true,1,true,0,0.5760199368779565,0.0,4.527940000000003,364.4450000000002,27.0,340.2530000000001,3.0,2.0,5.0,8.0,3.0,0.0,3.0,75.21,0.0,0.0,C22H24N2O3,916.5622548444319,5.0,0.0,0.4423076923076923,0.4423076923076923,0.24285714285714288,0.288135593220339,0.34782608695652173,0.4423076923076923,0.4423076923076923,1.0,1.242335319519043
2935,REINFORCE,EGFR,23,119,40.06279253959656,CC(CN(C)Cc1ncnc2ccccc12)Nc1nc2c(s1)CCC2,true,1,true,0,0.7348736128840889,0.0,3.5074000000000023,353.4950000000002,25.0,330.3110000000001,6.0,1.0,6.0,6.0,3.0,1.0,4.0,53.940000000000005,0.0,0.0,C19H23N5S,848.3818850830188,6.0,0.0,0.33333333333333337,0.3076923076923077,0.30000000000000004,0.3220338983050848,0.33333333333333337,0.33333333333333337,0.33333333333333337,1.0,1.242335319519043
2936,REINFORCE,EGFR,23,120,40.06279253959656,Cn1ncc2c1C(C(=O)NCCN1CCOCC1)CCC2,true,1,true,0,0.8663269214691067,0.0,0.28840000000000066,292.38300000000004,21.0,268.191,5.0,1.0,6.0,4.0,1.0,2.0,3.0,59.39,0.0,0.0,C15H24N4O2,493.86309965922476,3.0,0.0,0.34615384615384615,0.34615384615384615,0.27142857142857146,0.3220338983050848,0.24637681159420288,0.34615384615384615,0.34615384615384615,1.0,1.242335319519043
2937,REINFORCE,EGFR,23,121,40.06279253959656,Cc1cccc(C)c1NC(=O)N1CCN(C(=O)Cn2cc3ccccc3n2)CC1,true,1,true,0,0.7460754355351786,0.0,3.029440000000002,391.47500000000014,29.0,366.2750000000002,4.0,1.0,7.0,3.0,3.0,1.0,4.0,70.47,0.0,0.0,C22H25N5O2,997.0421719512129,2.0,0.0,0.35593220338983056,0.2692307692307693,0.34285714285714286,0.35593220338983056,0.3188405797101449,0.35593220338983056,0.35593220338983056,1.0,1.242335319519043
2938,REINFORCE,EGFR,23,122,40.06279253959656,CCNC(=O)Nc1cc(-c2ncnn2CC2CCN(C(=O)OC(C)(C)C)CC2)ccn1,true,1,true,0,0.7547024133781519,0.0,3.1286000000000023,429.5250000000002,31.0,398.2770000000002,7.0,2.0,10.0,5.0,2.0,1.0,3.0,114.27000000000001,0.0,0.0,C21H31N7O3,898.3734744791501,2.0,0.0,0.6271186440677966,0.25,0.4,0.6271186440677966,0.4057971014492754,0.6271186440677966,0.6271186440677966,1.0,1.242335319519043
2939,REINFORCE,EGFR,23,123,40.06279253959656,Nc1ccc(Oc2ccc(-c3nc(N)n(C4COCC4O)n3)cc2)cc1,true,1,true,0,0.6117568440587222,0.0,1.834,353.382,26.0,334.2300000000001,8.0,3.0,8.0,4.0,3.0,1.0,4.0,121.44000000000001,0.0,0.0,C18H19N5O3,892.1949638961919,2.0,0.0,0.423728813559322,0.32692307692307687,0.3285714285714286,0.423728813559322,0.4057971014492754,0.423728813559322,0.423728813559322,1.0,1.242335319519043
2940,REINFORCE,EGFR,23,124,40.06279253959656,CCc1n[nH]c(=Nc2ccc(OCc3cccc(C(F)(F)F)c3)c(C(=O)O)c2)o1,true,1,true,0,0.6409618986740808,0.0,4.093500000000002,407.34800000000007,29.0,391.2200000000001,5.0,2.0,10.0,6.0,3.0,0.0,3.0,100.71000000000001,0.0,0.0,C19H16F3N3O4,1086.543683505316,3.0,3.0,0.4,0.3076923076923077,0.4,0.30508474576271183,0.33333333333333337,0.4,0.4,1.0,1.242335319519043
2941,REINFORCE,EGFR,23,125,40.06279253959656,Clc1cccc(Cn2cnc3nnc4ccccc4c32)c1,true,1,true,0,0.5662557371113071,0.0,3.6812000000000014,294.74500000000006,21.0,283.65700000000004,4.0,0.0,5.0,2.0,4.0,0.0,4.0,43.6,0.0,0.0,C16H11ClN4,945.2345533728322,2.0,0.0,0.33333333333333337,0.32692307692307687,0.2142857142857143,0.27118644067796616,0.33333333333333337,0.33333333333333337,0.33333333333333337,1.0,1.242335319519043
2942,REINFORCE,EGFR,23,126,40.06279253959656,Cc1ccc(Nc2ncc(C(=O)Nc3cc(-c4ccncn4)cs3)s2)cc1Br,true,1,true,0,0.3880086027044794,0.0,5.728420000000002,472.3930000000001,28.0,458.28100000000006,7.0,2.0,9.0,5.0,4.0,0.0,4.0,79.8,0.0,0.0,C19H14BrN5OS2,1126.3266324393342,2.0,0.0,0.42028985507246375,0.32692307692307687,0.27142857142857146,0.3389830508474576,0.42028985507246375,0.42028985507246375,0.42028985507246375,1.0,1.242335319519043
2943,REINFORCE,EGFR,23,127,40.06279253959656,COc1cc(C=CC(=O)c2cc(C(=O)O)oc2C)cc(OC)c1O,true,1,true,0,0.618493626011325,0.0,2.9051200000000015,332.30800000000005,24.0,316.18000000000006,6.0,2.0,7.0,6.0,2.0,0.0,2.0,106.20000000000002,0.0,0.0,C17H16O7,789.3368177010095,2.0,0.0,0.34615384615384615,0.34615384615384615,0.27142857142857146,0.3389830508474576,0.33333333333333337,0.34615384615384615,0.34615384615384615,1.0,1.242335319519043
