,model,task,step,batch_idx,absolute_time,smiles,valid,valid_score,unique,occurrences,desc_QED,desc_SAscore,desc_CLogP,desc_MolWt,desc_HeavyAtomCount,desc_HeavyAtomMolWt,desc_NumHAcceptors,desc_NumHDonors,desc_NumHeteroatoms,desc_NumRotatableBonds,desc_NumAromaticRings,desc_NumAliphaticRings,desc_RingCount,desc_TPSA,desc_PenLogP,desc_FormalCharge,desc_MolecularFormula,desc_Bertz,desc_MaxConsecutiveRotatableBonds,desc_FlourineCount,A2A_Sim,A2A_Cmpd1_Sim,A2A_Cmpd2_Sim,A2A_Cmpd3_Sim,raw_A2A_Sim,single,filter,score_time
6656,REINFORCE,A2A,53,0,82.72872066497803,Cc1ccc(-c2nc(C)c(C=C3SC(=N)C(=Nc4nc(C)no4)S3)o2)cc1,true,1,true,0,0.6529894700631869,0.0,5.135730000000003,397.4850000000001,27.0,382.3650000000001,9.0,1.0,9.0,3.0,3.0,1.0,4.0,101.16,0.0,0.0,C18H15N5O2S2,1079.6245527642993,1.0,0.0,0.2777777777777778,0.2777777777777778,0.1428571428571429,0.20512820512820518,0.2777777777777778,0.2777777777777778,1.0,0.6844782829284668
6657,REINFORCE,A2A,53,1,82.72872066497803,CC(=O)Cn1nnc(-c2ccc(-c3ccccc3)cc2)c1C,true,1,true,0,0.7387453294745346,0.0,3.509520000000002,291.3540000000001,22.0,274.218,4.0,0.0,4.0,4.0,3.0,0.0,3.0,47.78,0.0,0.0,C18H17N3O,788.9594081112482,2.0,0.0,0.4444444444444444,0.4444444444444444,0.3571428571428571,0.3846153846153846,0.4444444444444444,0.4444444444444444,1.0,0.6844782829284668
6658,REINFORCE,A2A,53,2,82.72872066497803,CC(C)(C)NCC(O)C(=O)Nc1ccc(F)c(Cl)c1,true,1,true,0,0.7956113554107515,0.0,2.1666,288.75,19.0,270.606,3.0,3.0,6.0,4.0,1.0,0.0,1.0,61.36,0.0,0.0,C13H18ClFN2O2,460.446705785427,4.0,1.0,0.5,0.38888888888888884,0.5,0.3846153846153846,0.5,0.5,1.0,0.6844782829284668
6659,REINFORCE,A2A,53,3,82.72872066497803,CC(N)=NC(=O)C(NC(=O)c1ccc(F)cc1)C(F)(F)F,true,1,true,0,0.5026141474987664,0.0,1.3901000000000003,305.23099999999994,21.0,294.1429999999999,2.0,2.0,9.0,3.0,1.0,0.0,1.0,84.54999999999998,0.0,0.0,C12H11F4N3O2,562.860425313969,4.0,4.0,0.38095238095238093,0.2962962962962963,0.38095238095238093,0.3076923076923077,0.38095238095238093,0.38095238095238093,1.0,0.6844782829284668
6660,REINFORCE,A2A,53,4,82.72872066497803,CC(=O)Nc1ccc(-c2csc(Nc3ccccc3)n2)cc1,true,1,true,0,0.7451509314044105,0.0,4.512100000000003,309.394,22.0,294.274,4.0,2.0,5.0,4.0,3.0,0.0,3.0,54.02,0.0,0.0,C17H15N3OS,766.1128520610949,2.0,0.0,0.41025641025641024,0.38888888888888884,0.40476190476190477,0.41025641025641024,0.41025641025641024,0.41025641025641024,1.0,0.6844782829284668
6661,REINFORCE,A2A,53,5,82.72872066497803,Fc1cccc(-c2cn3cc(-c4ccc(OC(F)(F)F)c(F)c4)ccc3n2)c1,true,1,true,0,0.4107129146645481,0.0,5.845100000000002,390.31100000000004,28.0,379.22300000000007,3.0,0.0,8.0,3.0,4.0,0.0,4.0,26.53,0.0,0.0,C20H11F5N2O,1166.9350961593957,2.0,5.0,0.38888888888888884,0.38888888888888884,0.09523809523809523,0.28205128205128205,0.38888888888888884,0.38888888888888884,1.0,0.6844782829284668
6662,REINFORCE,A2A,53,6,82.72872066497803,CC(NCc1ccccc1)=C(N)c1ccc(C)c(C)c1,true,1,true,0,0.8843725936170916,0.0,3.740440000000002,266.388,20.0,244.21199999999993,2.0,2.0,2.0,4.0,2.0,0.0,2.0,38.05,0.0,0.0,C18H22N2,612.5702783238605,3.0,0.0,0.41025641025641024,0.37037037037037035,0.33333333333333337,0.41025641025641024,0.41025641025641024,0.41025641025641024,1.0,0.6844782829284668
6663,REINFORCE,A2A,53,7,82.72872066497803,COc1cc(NC(=O)CN(C)Cc2coc(-c3ccc(Cl)cc3)n2)c(OC)cc1Cl,true,1,true,0,0.5346509758029278,0.0,4.736100000000004,450.3220000000001,30.0,429.1540000000001,6.0,1.0,9.0,8.0,3.0,0.0,3.0,76.83,0.0,0.0,C21H21Cl2N3O4,1021.5909899873105,4.0,0.0,0.35185185185185186,0.35185185185185186,0.2142857142857143,0.28205128205128205,0.35185185185185186,0.35185185185185186,1.0,0.6844782829284668
6664,REINFORCE,A2A,53,8,82.72872066497803,Cc1nccc(CCc2cccc(F)c2)c1CN,true,1,true,0,0.897809316061369,0.0,2.77302,244.313,18.0,227.17699999999994,2.0,1.0,3.0,4.0,2.0,0.0,2.0,38.91,0.0,0.0,C15H17FN2,537.7668526767102,3.0,1.0,0.5384615384615384,0.2962962962962963,0.30952380952380953,0.5384615384615384,0.5384615384615384,0.5384615384615384,1.0,0.6844782829284668
6665,REINFORCE,A2A,53,9,82.72872066497803,COc1ccc(CC(=O)NCCc2cc(N(C)C)ncn2)cc1,true,1,true,0,0.8377136015519072,0.0,1.4525999999999994,314.38899999999995,23.0,292.21299999999997,5.0,1.0,6.0,7.0,2.0,0.0,2.0,67.35,0.0,0.0,C17H22N4O2,641.296556245817,3.0,0.0,0.5,0.35185185185185186,0.5,0.3589743589743589,0.5,0.5,1.0,0.6844782829284668
6666,REINFORCE,A2A,53,10,82.72872066497803,OC1CC=C(C(O)(c2ccccc2)c2cccnc2)CC1,true,1,true,0,0.850611071611192,0.0,2.7887000000000013,281.3550000000001,21.0,262.203,3.0,2.0,3.0,3.0,2.0,1.0,3.0,53.35,0.0,0.0,C18H19NO2,582.6812904144809,3.0,0.0,0.4285714285714286,0.33333333333333337,0.4285714285714286,0.3846153846153846,0.4285714285714286,0.4285714285714286,1.0,0.6844782829284668
6667,REINFORCE,A2A,53,11,82.72872066497803,O=C(Cc1ccc(O)c(O)c1)NCc1ccccc1,true,1,true,0,0.7332181354070764,0.0,1.9566999999999997,257.289,19.0,242.16899999999995,3.0,3.0,4.0,4.0,2.0,0.0,2.0,69.56,0.0,0.0,C15H15NO3,566.8582993732383,2.0,0.0,0.38095238095238093,0.2962962962962963,0.38095238095238093,0.33333333333333337,0.38095238095238093,0.38095238095238093,1.0,0.6844782829284668
6668,REINFORCE,A2A,53,12,82.72872066497803,CCCCn1c(N)c(N(C)C(=O)C(C)OCc2ccccc2)c(=O)[nH]c1=O,true,1,true,0,0.7272068525438629,0.0,1.4869999999999997,374.4410000000001,27.0,348.2330000000001,6.0,2.0,8.0,8.0,2.0,0.0,2.0,110.41999999999999,0.0,0.0,C19H26N4O4,888.8180430423522,4.0,0.0,0.35185185185185186,0.35185185185185186,0.19047619047619047,0.15384615384615385,0.35185185185185186,0.35185185185185186,1.0,0.6844782829284668
6669,REINFORCE,A2A,53,13,82.72872066497803,CCCn1nnc(-c2ccc(Cl)cc2)c1-c1ccccc1,true,1,true,0,0.7000623852610285,0.0,4.675500000000004,297.789,21.0,281.661,3.0,0.0,4.0,4.0,3.0,0.0,3.0,30.71,0.0,0.0,C17H16ClN3,717.5509636028935,2.0,0.0,0.41025641025641024,0.38888888888888884,0.3571428571428571,0.41025641025641024,0.41025641025641024,0.41025641025641024,1.0,0.6844782829284668
6670,REINFORCE,A2A,53,14,82.72872066497803,Cc1cnc(N)n(Cc2cc(Cl)ccc2O)c1=O,true,1,true,0,0.8630397258628864,0.0,1.5412199999999998,265.70000000000005,18.0,253.60399999999998,5.0,2.0,6.0,2.0,2.0,0.0,2.0,81.13999999999999,0.0,0.0,C12H12ClN3O2,652.2561620642521,2.0,0.0,0.46153846153846156,0.38888888888888884,0.33333333333333337,0.46153846153846156,0.46153846153846156,0.46153846153846156,1.0,0.6844782829284668
6671,REINFORCE,A2A,53,15,82.72872066497803,CC(C)=C1CCCC(C)(c2ccc(C)cc2)C1=O,true,1,true,0,0.6693613381001896,0.0,4.342120000000004,242.362,18.0,220.18599999999995,1.0,0.0,1.0,1.0,1.0,1.0,2.0,17.07,0.0,0.0,C17H22O,488.84630665169914,1.0,0.0,0.45238095238095233,0.33333333333333337,0.45238095238095233,0.3846153846153846,0.45238095238095233,0.45238095238095233,1.0,0.6844782829284668
6672,REINFORCE,A2A,53,16,82.72872066497803,NC1(CCO)CCC(NCc2ccccc2)CC1,true,1,true,0,0.7444613919513754,0.0,1.7986999999999993,248.36999999999998,18.0,224.17799999999994,3.0,3.0,3.0,5.0,1.0,1.0,2.0,58.28,0.0,0.0,C15H24N2O,344.77105102323134,3.0,0.0,0.3589743589743589,0.2962962962962963,0.3571428571428571,0.3589743589743589,0.3589743589743589,0.3589743589743589,1.0,0.6844782829284668
6673,REINFORCE,A2A,53,17,82.72872066497803,Cc1ccccc1NC1CCCCC1,true,1,true,0,0.7469584224587347,0.0,3.739620000000002,189.30199999999994,14.0,170.14999999999998,1.0,1.0,1.0,2.0,1.0,1.0,2.0,12.03,0.0,0.0,C13H19N,287.0419665009148,2.0,0.0,0.2592592592592593,0.2592592592592593,0.19047619047619047,0.2564102564102564,0.2592592592592593,0.2592592592592593,1.0,0.6844782829284668
6674,REINFORCE,A2A,53,18,82.72872066497803,C=CC(=O)C=CC(C)=CO,true,1,true,0,0.3662813850699968,0.0,1.7594999999999998,138.16599999999997,10.0,128.08599999999998,2.0,1.0,2.0,3.0,0.0,0.0,0.0,37.3,0.0,0.0,C8H10O2,183.43427216891473,2.0,0.0,0.26190476190476186,0.2592592592592593,0.26190476190476186,0.15384615384615385,0.26190476190476186,0.26190476190476186,1.0,0.6844782829284668
6675,REINFORCE,A2A,53,19,82.72872066497803,CC(=O)Nc1nc(-c2ccccc2)c(-c2ccc(C(C)C)cc2)s1,true,1,true,0,0.677571804259129,0.0,5.558900000000003,336.4600000000001,24.0,316.3,3.0,1.0,4.0,4.0,3.0,0.0,3.0,41.99,0.0,0.0,C20H20N2OS,835.8352256913216,1.0,0.0,0.41025641025641024,0.38888888888888884,0.2857142857142857,0.41025641025641024,0.41025641025641024,0.41025641025641024,1.0,0.6844782829284668
6676,REINFORCE,A2A,53,20,82.72872066497803,CC(=O)Nc1cccc(-c2ccc(C)cc2C)c1,true,1,true,0,0.844891110793403,0.0,3.928840000000002,239.31799999999998,18.0,222.18199999999996,1.0,1.0,2.0,2.0,2.0,0.0,2.0,29.1,0.0,0.0,C16H17NO,587.4008737678793,1.0,0.0,0.46153846153846156,0.42592592592592593,0.4285714285714286,0.46153846153846156,0.46153846153846156,0.46153846153846156,1.0,0.6844782829284668
6677,REINFORCE,A2A,53,21,82.72872066497803,CN(CCCO)C(=O)CS,true,1,true,0,0.5613999124995475,0.0,-0.243,163.242,10.0,150.13799999999998,3.0,2.0,4.0,4.0,0.0,0.0,0.0,40.54,0.0,0.0,C6H13NO2S,107.9209386162151,3.0,0.0,0.2857142857142857,0.16666666666666663,0.2857142857142857,0.15384615384615385,0.2857142857142857,0.2857142857142857,1.0,0.6844782829284668
6678,REINFORCE,A2A,53,22,82.72872066497803,Cc1cc(C)nc(N(C)C)n1,true,1,true,0,0.602766158515478,0.0,1.1594399999999998,151.21300000000002,11.0,138.10899999999998,3.0,0.0,3.0,1.0,1.0,0.0,1.0,29.020000000000003,0.0,0.0,C8H13N3,235.26412523269346,1.0,0.0,0.41025641025641024,0.2592592592592593,0.2857142857142857,0.41025641025641024,0.41025641025641024,0.41025641025641024,1.0,0.6844782829284668
6679,REINFORCE,A2A,53,23,82.72872066497803,CN1CCc2c(c(Oc3c(F)ccc(F)c3)ncnc22,false,0,true,0,0.0,0.0,0.0,0.0,0.0,0.0,0.0,0.0,0.0,0.0,0.0,0.0,0.0,0.0,0.0,0.0,0.0,0.0,0.0,0.0,0.0,0.0,0.0,0.0,1e-06,1e-06,1.0,0.6844782829284668
6680,REINFORCE,A2A,53,24,82.72872066497803,COC(C1CN(C(CBr)=O)N=C(N=C(NCc2ccccc2)S)=N1)=O,false,0,true,0,0.0,0.0,0.0,0.0,0.0,0.0,0.0,0.0,0.0,0.0,0.0,0.0,0.0,0.0,0.0,0.0,0.0,0.0,0.0,0.0,0.0,0.0,0.0,0.0,1e-06,1e-06,1.0,0.6844782829284668
6681,REINFORCE,A2A,53,25,82.72872066497803,COc1ccc(C)cc1C(=O)N(C)C(C)C,true,1,true,0,0.7844321299535372,0.0,2.484020000000001,221.29999999999998,16.0,202.14799999999997,2.0,0.0,3.0,3.0,1.0,0.0,1.0,29.54,0.0,0.0,C13H19NO2,385.51902583062497,1.0,0.0,0.3589743589743589,0.35185185185185186,0.3571428571428571,0.3589743589743589,0.3589743589743589,0.3589743589743589,1.0,0.6844782829284668
6682,REINFORCE,A2A,53,26,82.72872066497803,CNCc1cccc(OC)c1,true,1,true,0,0.7049585113744314,0.0,1.4146,151.20899999999997,11.0,138.10499999999996,2.0,1.0,2.0,3.0,1.0,0.0,1.0,21.259999999999998,0.0,0.0,C9H13NO,222.5576473355494,2.0,0.0,0.2857142857142857,0.2407407407407407,0.2857142857142857,0.28205128205128205,0.2857142857142857,0.2857142857142857,1.0,0.6844782829284668
6683,REINFORCE,A2A,53,27,82.72872066497803,COc1ccc(-c2nc(C)c(SC)s2)cc1,true,1,true,0,0.7735703623209427,0.0,3.849020000000003,251.376,16.0,238.272,4.0,0.0,4.0,3.0,2.0,0.0,2.0,22.12,0.0,0.0,C12H13NOS2,476.2640245777216,1.0,0.0,0.46153846153846156,0.31481481481481477,0.3571428571428571,0.46153846153846156,0.46153846153846156,0.46153846153846156,1.0,0.6844782829284668
6684,REINFORCE,A2A,53,28,82.72872066497803,Cc1cccc(-c2ccc(C)c(C)n2)c1,true,1,true,0,0.6793085952297474,0.0,3.673860000000002,197.28099999999998,15.0,182.16099999999997,1.0,0.0,1.0,1.0,2.0,0.0,2.0,12.89,0.0,0.0,C14H15N,486.44741565536316,1.0,0.0,0.5128205128205128,0.38888888888888884,0.3571428571428571,0.5128205128205128,0.5128205128205128,0.5128205128205128,1.0,0.6844782829284668
6685,REINFORCE,A2A,53,29,82.72872066497803,Cc1cccc(-c2cccc(F)c2)n1,true,1,true,0,0.6676720996722791,0.0,3.1961200000000014,187.21699999999998,14.0,177.13699999999997,1.0,0.0,2.0,1.0,2.0,0.0,2.0,12.89,0.0,0.0,C12H10FN,408.07964673815036,1.0,1.0,0.5641025641025641,0.31481481481481477,0.2857142857142857,0.5641025641025641,0.5641025641025641,0.5641025641025641,1.0,0.6844782829284668
6686,REINFORCE,A2A,53,30,82.72872066497803,COc1ccc(C(O)CN(C)Cc2nccn2C)cc1,true,1,true,0,0.8696494253600818,0.0,1.5941,275.352,20.0,254.18399999999994,5.0,1.0,5.0,6.0,2.0,0.0,2.0,50.52,0.0,0.0,C15H21N3O2,536.3065837398093,5.0,0.0,0.40476190476190477,0.37037037037037035,0.40476190476190477,0.3589743589743589,0.40476190476190477,0.40476190476190477,1.0,0.6844782829284668
6687,REINFORCE,A2A,53,31,82.72872066497803,Cc1ccc(-c2ccc(C(F)(F)F)cc2)c(F)c1,true,1,true,0,0.6398538553512703,0.0,4.819920000000002,254.22599999999997,18.0,244.14599999999993,0.0,0.0,4.0,1.0,2.0,0.0,2.0,0.0,0.0,0.0,C14H10F4,552.9969416647663,1.0,4.0,0.5128205128205128,0.4444444444444444,0.30952380952380953,0.5128205128205128,0.5128205128205128,0.5128205128205128,1.0,0.6844782829284668
6688,REINFORCE,A2A,53,32,82.72872066497803,CC1(C)C(=O)Nc2cnc(NS(=O)(=O)c3cccc(F)c3)cc21,true,1,true,0,0.9003437080349845,0.0,2.2512,335.36000000000007,23.0,321.24800000000005,4.0,2.0,8.0,3.0,2.0,1.0,3.0,88.16,0.0,0.0,C15H14FN3O3S,909.9331628859385,3.0,1.0,0.4285714285714286,0.35185185185185186,0.4285714285714286,0.3076923076923077,0.4285714285714286,0.4285714285714286,1.0,0.6844782829284668
6689,REINFORCE,A2A,53,33,82.72872066497803,CCC(C#N)OC(=O)C1=C(c2cccs2)c2ccccc2C(=O)C1,true,1,true,0,0.7914635118678983,0.0,3.981780000000003,337.40000000000015,24.0,322.2800000000001,5.0,0.0,5.0,4.0,2.0,1.0,3.0,67.16,0.0,0.0,C19H15NO3S,858.987102816699,3.0,0.0,0.3571428571428571,0.2962962962962963,0.3571428571428571,0.3076923076923077,0.3571428571428571,0.3571428571428571,1.0,0.6844782829284668
6690,REINFORCE,A2A,53,34,82.72872066497803,Cc1ccc(C(=O)NCCc2ccccc2)cc1C,true,1,true,0,0.8898348525050893,0.0,3.275940000000002,253.34500000000003,19.0,234.19299999999996,1.0,1.0,2.0,4.0,2.0,0.0,2.0,29.1,0.0,0.0,C17H19NO,560.7296775082737,3.0,0.0,0.4871794871794872,0.37037037037037035,0.45238095238095233,0.4871794871794872,0.4871794871794872,0.4871794871794872,1.0,0.6844782829284668
6691,REINFORCE,A2A,53,35,82.72872066497803,CCCc1cccc(NC(=O)c2cnc(O)cn2)c1,true,1,true,0,0.8814149476467664,0.0,2.3869999999999996,257.29299999999995,19.0,242.17299999999997,4.0,2.0,5.0,4.0,2.0,0.0,2.0,75.11,0.0,0.0,C14H15N3O2,567.1586893985597,2.0,0.0,0.46153846153846156,0.38888888888888884,0.4285714285714286,0.46153846153846156,0.46153846153846156,0.46153846153846156,1.0,0.6844782829284668
6692,REINFORCE,A2A,53,36,82.72872066497803,Cc1cc(C)n(Cc2ccc(C(=O)Nc3cc(F)ccc3F)cc2)n1,true,1,true,0,0.7772044776729397,0.0,4.078740000000003,341.36100000000005,25.0,324.225,3.0,1.0,6.0,4.0,3.0,0.0,3.0,46.92,0.0,0.0,C19H17F2N3O,916.9186823828154,2.0,2.0,0.46153846153846156,0.38888888888888884,0.38095238095238093,0.46153846153846156,0.46153846153846156,0.46153846153846156,1.0,0.6844782829284668
6693,REINFORCE,A2A,53,37,82.72872066497803,Fc1ccc(Nc2cc(Nc3cccc(Cl)c3)ncn2)cc1,true,1,true,0,0.7289143504246572,0.0,4.756300000000002,314.75100000000003,22.0,302.65500000000003,4.0,2.0,6.0,4.0,3.0,0.0,3.0,49.84,0.0,0.0,C16H12ClFN4,777.1093989226242,2.0,1.0,0.4871794871794872,0.40740740740740744,0.3571428571428571,0.4871794871794872,0.4871794871794872,0.4871794871794872,1.0,0.6844782829284668
6694,REINFORCE,A2A,53,38,82.72872066497803,COc1ccc(N(CC(=O)NCc2ccc(N3CCOCC3)cc2)C(C)=O)cc1,true,1,true,0,0.7756683059019993,0.0,2.2010999999999994,397.47500000000025,29.0,370.2590000000002,5.0,1.0,7.0,7.0,2.0,1.0,3.0,71.11000000000001,0.0,0.0,C22H27N3O4,814.9559501339039,3.0,0.0,0.35185185185185186,0.35185185185185186,0.30952380952380953,0.2564102564102564,0.35185185185185186,0.35185185185185186,1.0,0.6844782829284668
6695,REINFORCE,A2A,53,39,82.72872066497803,NCc1cccc(Oc2ccc(F)cn2)c1,true,1,true,0,0.860417392027369,0.0,2.4717000000000002,218.231,16.0,207.14299999999994,3.0,1.0,4.0,3.0,2.0,0.0,2.0,48.14,0.0,0.0,C12H11FN2O,470.699905948586,2.0,1.0,0.5128205128205128,0.33333333333333337,0.3571428571428571,0.5128205128205128,0.5128205128205128,0.5128205128205128,1.0,0.6844782829284668
6696,REINFORCE,A2A,53,40,82.72872066497803,CCOC(=O)C1NC(=O)CC1c1cccc(F)c1,true,1,true,0,0.8251842349820754,0.0,1.3608999999999996,251.25699999999998,18.0,237.14499999999995,3.0,1.0,5.0,3.0,1.0,1.0,2.0,55.4,0.0,0.0,C13H14FNO3,475.059090322872,1.0,1.0,0.40476190476190477,0.35185185185185186,0.40476190476190477,0.28205128205128205,0.40476190476190477,0.40476190476190477,1.0,0.6844782829284668
6697,REINFORCE,A2A,53,41,82.72872066497803,COc1cc2nc(-c3cccc(-c4ccc(CN(C)C)cc4)c3)[nH]c2cc1C,true,1,true,0,0.5191192864288176,0.0,5.275520000000005,371.4840000000001,28.0,346.2840000000001,3.0,1.0,4.0,5.0,4.0,0.0,4.0,41.15,0.0,0.0,C24H25N3O,1110.6156213829781,2.0,0.0,0.37037037037037035,0.37037037037037035,0.19047619047619047,0.23076923076923073,0.37037037037037035,0.37037037037037035,1.0,0.6844782829284668
6698,REINFORCE,A2A,53,42,82.72872066497803,COc1ccc(NC(=O)CCl)cc1,true,1,true,0,0.7552788344089069,0.0,1.8724999999999998,199.637,13.0,189.557,2.0,1.0,4.0,3.0,1.0,0.0,1.0,38.33,0.0,0.0,C9H10ClNO2,284.1711052507959,1.0,0.0,0.38095238095238093,0.33333333333333337,0.38095238095238093,0.3076923076923077,0.38095238095238093,0.38095238095238093,1.0,0.6844782829284668
6699,REINFORCE,A2A,53,43,82.72872066497803,CCOC(=O)c1ccc(NC(=O)COc2ccccc2)cc1,true,1,true,0,0.8330017248094279,0.0,2.8808000000000016,299.32599999999996,22.0,282.19,4.0,1.0,5.0,6.0,2.0,0.0,2.0,64.63,0.0,0.0,C17H17NO4,622.86701436869,3.0,0.0,0.5714285714285714,0.42592592592592593,0.5714285714285714,0.3589743589743589,0.5714285714285714,0.5714285714285714,1.0,0.6844782829284668
6700,REINFORCE,A2A,53,44,82.72872066497803,Cc1ccc(C)c(NC(=O)NC(C)C)c1,true,1,true,0,0.7671847005206593,0.0,2.8333400000000006,206.28900000000002,15.0,188.14499999999995,1.0,2.0,3.0,2.0,1.0,0.0,1.0,41.13,0.0,0.0,C12H18N2O,358.6397938525446,1.0,0.0,0.38888888888888884,0.38888888888888884,0.3571428571428571,0.3589743589743589,0.38888888888888884,0.38888888888888884,1.0,0.6844782829284668
6701,REINFORCE,A2A,53,45,82.72872066497803,CCNC(=O)C1CN(C)C(=O)CC1c1cccc(C)c1,true,1,true,0,0.9116431898116273,0.0,1.6930199999999993,274.364,20.0,252.18799999999993,2.0,1.0,4.0,3.0,1.0,1.0,2.0,49.410000000000004,0.0,0.0,C16H22N2O2,512.9532657468204,1.0,0.0,0.40476190476190477,0.38888888888888884,0.40476190476190477,0.3076923076923077,0.40476190476190477,0.40476190476190477,1.0,0.6844782829284668
6702,REINFORCE,A2A,53,46,82.72872066497803,Oc1cccc(-c2ccc(O)cc2O)c1,true,1,true,0,0.6652857050276725,0.0,2.4704000000000006,202.209,15.0,192.12899999999996,3.0,3.0,3.0,1.0,2.0,0.0,2.0,60.69,0.0,0.0,C12H10O3,491.9759470533523,1.0,0.0,0.5128205128205128,0.35185185185185186,0.30952380952380953,0.5128205128205128,0.5128205128205128,0.5128205128205128,1.0,0.6844782829284668
6703,REINFORCE,A2A,53,47,82.72872066497803,Cc1ccc(S(=O)(=O)NCC(C)(C)C(=O)NCC2CCCO2)cc1,true,1,true,0,0.7787829717318822,0.0,1.5947199999999997,354.47200000000015,24.0,328.26400000000007,4.0,2.0,7.0,7.0,1.0,1.0,2.0,84.5,0.0,0.0,C17H26N2O4S,662.3358871193308,5.0,0.0,0.4285714285714286,0.33333333333333337,0.4285714285714286,0.17948717948717952,0.4285714285714286,0.4285714285714286,1.0,0.6844782829284668
6704,REINFORCE,A2A,53,48,82.72872066497803,Cc1nnc(S(C)(=O)=O)n1-c1ccc(F)cc1,true,1,true,0,0.8062052064294054,0.0,1.1183199999999998,255.274,17.0,245.19399999999996,5.0,0.0,7.0,2.0,2.0,0.0,2.0,64.85,0.0,0.0,C10H10FN3O2S,646.6905758801347,1.0,1.0,0.3846153846153846,0.2962962962962963,0.33333333333333337,0.3846153846153846,0.3846153846153846,0.3846153846153846,1.0,0.6844782829284668
6705,REINFORCE,A2A,53,49,82.72872066497803,Cc1ccccc1-c1ccc(-c2nc(C(C)C)c(C)[nH]2)cc1,true,1,true,0,0.679105698423753,0.0,5.483940000000004,290.40999999999997,22.0,268.234,1.0,1.0,2.0,3.0,3.0,0.0,3.0,28.68,0.0,0.0,C20H22N2,779.7218599783265,1.0,0.0,0.3589743589743589,0.35185185185185186,0.26190476190476186,0.3589743589743589,0.3589743589743589,0.3589743589743589,1.0,0.6844782829284668
6706,REINFORCE,A2A,53,50,82.72872066497803,Cc1oc(-c2ccc(-c3ccccc3)cc2)nc1COCCO,true,1,true,0,0.7031850663434245,0.0,3.825920000000004,309.3650000000001,23.0,290.213,4.0,1.0,4.0,6.0,3.0,0.0,3.0,55.49000000000001,0.0,0.0,C19H19NO3,748.0457195291332,4.0,0.0,0.5641025641025641,0.40740740740740744,0.23809523809523814,0.5641025641025641,0.5641025641025641,0.5641025641025641,1.0,0.6844782829284668
6707,REINFORCE,A2A,53,51,82.72872066497803,Cc1ccc(-c2cc3cc(O)c(O)cc3oc2=O)cc1,true,1,true,0,0.5249848487399913,0.0,3.1796200000000026,268.268,20.0,256.17199999999997,4.0,2.0,4.0,1.0,3.0,0.0,3.0,70.67,0.0,0.0,C16H12O4,844.7201380895016,1.0,0.0,0.46153846153846156,0.40740740740740744,0.3571428571428571,0.46153846153846156,0.46153846153846156,0.46153846153846156,1.0,0.6844782829284668
6708,REINFORCE,A2A,53,52,82.72872066497803,Cc1cc(-c2ccc(F)cc2)[nH]c1C(=O)NC(CCC(=O)O)C(=O)O,true,1,true,0,0.6112685933102598,0.0,2.1770199999999993,348.33000000000015,25.0,331.1940000000001,3.0,4.0,8.0,7.0,2.0,0.0,2.0,119.49,0.0,0.0,C17H17FN2O5,797.8695830011281,5.0,1.0,0.2962962962962963,0.2962962962962963,0.1428571428571429,0.2564102564102564,0.2962962962962963,0.2962962962962963,1.0,0.6844782829284668
6709,REINFORCE,A2A,53,53,82.72872066497803,O=c1c(-c2nnc(-c3ccc(F)cc3)o2)cccc2ccccc12,true,1,true,0,0.5591822648159746,0.0,4.056100000000002,318.307,24.0,307.21900000000005,4.0,0.0,5.0,2.0,4.0,0.0,4.0,55.99,0.0,0.0,C19H11FN2O2,1088.2187615872629,1.0,1.0,0.46153846153846156,0.42592592592592593,0.30952380952380953,0.46153846153846156,0.46153846153846156,0.46153846153846156,1.0,0.6844782829284668
6710,REINFORCE,A2A,53,54,82.72872066497803,Oc1cccc(-c2coc(-c3ccccc3)n2)c1,true,1,true,0,0.7385116436734848,0.0,3.7142000000000026,237.258,18.0,226.16999999999996,3.0,1.0,3.0,2.0,3.0,0.0,3.0,46.260000000000005,0.0,0.0,C15H11NO2,659.0201569624078,1.0,0.0,0.46153846153846156,0.37037037037037035,0.26190476190476186,0.46153846153846156,0.46153846153846156,0.46153846153846156,1.0,0.6844782829284668
6711,REINFORCE,A2A,53,55,82.72872066497803,Cc1ccccc1Nc1cc(-c2ccco2)nc(N)n1,true,1,true,0,0.7596126986575805,0.0,3.370820000000001,266.304,20.0,252.19199999999998,5.0,2.0,5.0,3.0,3.0,0.0,3.0,76.97,0.0,0.0,C15H14N4O,722.4982656165053,2.0,0.0,0.5384615384615384,0.31481481481481477,0.26190476190476186,0.5384615384615384,0.5384615384615384,0.5384615384615384,1.0,0.6844782829284668
6712,REINFORCE,A2A,53,56,82.72872066497803,Cc1ccnc(Nc2cc(-c3cn(C)cn3)ccn2)n1,true,1,true,0,0.787568412590826,0.0,2.3241199999999997,266.308,20.0,252.196,6.0,1.0,6.0,3.0,3.0,0.0,3.0,68.52000000000001,0.0,0.0,C14H14N6,733.7888806374996,2.0,0.0,0.5384615384615384,0.37037037037037035,0.30952380952380953,0.5384615384615384,0.5384615384615384,0.5384615384615384,1.0,0.6844782829284668
6713,REINFORCE,A2A,53,57,82.72872066497803,Cc1nc(-c2cccnc2)ccc1-c1c(Cl)cccc1Cl,true,1,true,0,0.6302993933257407,0.0,5.425820000000003,315.203,21.0,303.10699999999997,2.0,0.0,4.0,2.0,3.0,0.0,3.0,25.78,0.0,0.0,C17H12Cl2N2,765.7984753592323,1.0,0.0,0.5128205128205128,0.33333333333333337,0.26190476190476186,0.5128205128205128,0.5128205128205128,0.5128205128205128,1.0,0.6844782829284668
6714,REINFORCE,A2A,53,58,82.72872066497803,CCCCCCn1cnc2c(N)nc(-c3ccco3)nc21,true,1,true,0,0.7028083195514063,0.0,3.248800000000001,285.35100000000006,21.0,266.199,6.0,1.0,6.0,6.0,3.0,0.0,3.0,82.76,0.0,0.0,C15H19N5O,717.076361513109,5.0,0.0,0.41025641025641024,0.33333333333333337,0.40476190476190477,0.41025641025641024,0.41025641025641024,0.41025641025641024,1.0,0.6844782829284668
6715,REINFORCE,A2A,53,59,82.72872066497803,CCc1ncc(C(=O)N(C)C)c(-c2ccc(OC)cc2)n1,true,1,true,0,0.8653756396990376,0.0,2.4164000000000003,285.347,21.0,266.19499999999994,4.0,0.0,5.0,4.0,2.0,0.0,2.0,55.32000000000001,0.0,0.0,C16H19N3O2,636.4703904317886,1.0,0.0,0.4871794871794872,0.38888888888888884,0.3571428571428571,0.4871794871794872,0.4871794871794872,0.4871794871794872,1.0,0.6844782829284668
6716,REINFORCE,A2A,53,60,82.72872066497803,Cc1cc(-c2ccco2)cc(-c2ccc(C(=O)O)o2)c1,true,1,true,0,0.7722545832198708,0.0,4.213220000000002,268.268,20.0,256.17199999999997,3.0,1.0,4.0,3.0,3.0,0.0,3.0,63.58,0.0,0.0,C16H12O4,750.642185583832,1.0,0.0,0.5641025641025641,0.38888888888888884,0.3571428571428571,0.5641025641025641,0.5641025641025641,0.5641025641025641,1.0,0.6844782829284668
6717,REINFORCE,A2A,53,61,82.72872066497803,Cc1ccc(-c2nc(C)cc(NCC(=O)O)n2)cc1,true,1,true,0,0.8782868405728288,0.0,2.25694,257.293,19.0,242.17299999999997,4.0,2.0,5.0,4.0,2.0,0.0,2.0,75.11,0.0,0.0,C14H15N3O2,594.1401139421384,3.0,0.0,0.4871794871794872,0.40740740740740744,0.40476190476190477,0.4871794871794872,0.4871794871794872,0.4871794871794872,1.0,0.6844782829284668
6718,REINFORCE,A2A,53,62,82.72872066497803,Cc1ccc(C(=O)NC(CO)C(=O)O)cc1,true,1,true,0,0.6787411109782076,0.0,0.17031999999999986,223.228,16.0,210.12399999999997,3.0,3.0,5.0,4.0,1.0,0.0,1.0,86.63000000000001,0.0,0.0,C11H13NO4,385.4759654533223,3.0,0.0,0.40476190476190477,0.2962962962962963,0.40476190476190477,0.3076923076923077,0.40476190476190477,0.40476190476190477,1.0,0.6844782829284668
6719,REINFORCE,A2A,53,63,82.72872066497803,O=C1NC(=O)C(c2ccccc2)(c2ccc(F)c(Cl)c2)N1,true,1,true,0,0.837830008072268,0.0,2.5621,304.70799999999997,21.0,294.62799999999993,2.0,2.0,6.0,2.0,2.0,1.0,3.0,58.2,0.0,0.0,C15H10ClFN2O2,735.7084058634497,1.0,1.0,0.3589743589743589,0.31481481481481477,0.2857142857142857,0.3589743589743589,0.3589743589743589,0.3589743589743589,1.0,0.6844782829284668
6720,REINFORCE,A2A,53,64,82.72872066497803,Brc1ccc(C=Cc2ccco2)nc1,true,1,true,0,0.8131991196563605,0.0,3.6075000000000026,250.095,14.0,242.03099999999995,2.0,0.0,3.0,2.0,2.0,0.0,2.0,26.03,0.0,0.0,C11H8BrNO,417.05799819545246,1.0,0.0,0.38095238095238093,0.2407407407407407,0.38095238095238093,0.3589743589743589,0.38095238095238093,0.38095238095238093,1.0,0.6844782829284668
6721,REINFORCE,A2A,53,65,82.72872066497803,Cc1cnc(C(C)(C)CNC(=O)Cc2ccc(F)c(Cl)c2)s1,true,1,true,0,0.8970489823636927,0.0,3.8805200000000024,340.851,22.0,322.707,3.0,1.0,6.0,5.0,2.0,0.0,2.0,41.99,0.0,0.0,C16H18ClFN2OS,684.5353716399367,3.0,1.0,0.4285714285714286,0.33333333333333337,0.4285714285714286,0.41025641025641024,0.4285714285714286,0.4285714285714286,1.0,0.6844782829284668
6722,REINFORCE,A2A,53,66,82.72872066497803,Cn1ccnc1-c1c(F)cc(F)c(N)c1F,true,1,true,0,0.757851258478983,0.0,2.0866000000000002,227.18899999999996,16.0,219.12499999999997,3.0,1.0,6.0,1.0,2.0,0.0,2.0,43.84,0.0,0.0,C10H8F3N3,548.4825498186622,1.0,3.0,0.4358974358974359,0.35185185185185186,0.38095238095238093,0.4358974358974359,0.4358974358974359,0.4358974358974359,1.0,0.6844782829284668
6723,REINFORCE,A2A,53,67,82.72872066497803,Cc1cc(-c2cn[nH]c2)cc(S(=O)(=O)c2ccc(N)cc2)c1C,true,1,true,0,0.7234231227556842,0.0,3.1085400000000005,327.4090000000001,23.0,310.2730000000001,4.0,2.0,6.0,3.0,3.0,0.0,3.0,88.84,0.0,0.0,C17H17N3O2S,944.258489661069,2.0,0.0,0.42592592592592593,0.42592592592592593,0.30952380952380953,0.41025641025641024,0.42592592592592593,0.42592592592592593,1.0,0.6844782829284668
6724,REINFORCE,A2A,53,68,82.72872066497803,Cc1cccc(CN2CCN(c3ccc(O)c(-c4ccccc4)n3)CC2)c1,true,1,true,0,0.7617330769764868,0.0,4.084820000000003,359.4730000000001,27.0,334.2730000000001,4.0,1.0,4.0,4.0,3.0,1.0,4.0,39.6,0.0,0.0,C23H25N3O,902.5068440643395,2.0,0.0,0.38888888888888884,0.38888888888888884,0.26190476190476186,0.33333333333333337,0.38888888888888884,0.38888888888888884,1.0,0.6844782829284668
6725,REINFORCE,A2A,53,69,82.72872066497803,Cc1cc(O)cc(C=Cc2ccccc2)c1,true,1,true,0,0.7458493367488781,0.0,3.8710200000000023,210.276,16.0,196.16399999999996,1.0,1.0,1.0,2.0,2.0,0.0,2.0,20.23,0.0,0.0,C15H14O,477.8483304571821,1.0,0.0,0.4871794871794872,0.33333333333333337,0.40476190476190477,0.4871794871794872,0.4871794871794872,0.4871794871794872,1.0,0.6844782829284668
6726,REINFORCE,A2A,53,70,82.72872066497803,COc1ccc(C(=O)NCc2ccc(Oc3ccccc3C)cc2)cc1OC,true,1,true,0,0.6464179326692006,0.0,4.734520000000003,377.4400000000001,28.0,354.25600000000014,4.0,1.0,5.0,7.0,3.0,0.0,3.0,56.790000000000006,0.0,0.0,C23H23NO4,951.0710771519724,2.0,0.0,0.38095238095238093,0.33333333333333337,0.38095238095238093,0.3589743589743589,0.38095238095238093,0.38095238095238093,1.0,0.6844782829284668
6727,REINFORCE,A2A,53,71,82.72872066497803,CCOc1ccc(Nc2ccc(C)c(O)c2)cc1,true,1,true,0,0.8567657518072852,0.0,3.842920000000002,243.306,18.0,226.16999999999996,3.0,2.0,3.0,4.0,2.0,0.0,2.0,41.489999999999995,0.0,0.0,C15H17NO2,520.5168526767102,2.0,0.0,0.4358974358974359,0.37037037037037035,0.4285714285714286,0.4358974358974359,0.4358974358974359,0.4358974358974359,1.0,0.6844782829284668
6728,REINFORCE,A2A,53,72,82.72872066497803,Cc1ccc(S(=O)(=O)NCC(F)(F)F)cc1-c1ccccc1,true,1,true,0,0.9330085879416342,0.0,3.502620000000002,329.343,22.0,315.23100000000005,2.0,1.0,7.0,4.0,2.0,0.0,2.0,46.17,0.0,0.0,C15H14F3NO2S,756.102181790219,4.0,3.0,0.3571428571428571,0.2962962962962963,0.3571428571428571,0.3076923076923077,0.3571428571428571,0.3571428571428571,1.0,0.6844782829284668
6729,REINFORCE,A2A,53,73,82.72872066497803,c12cc(-c3ccc(F)cc3)cc3nc(C)nc(-c4ncccc4)c3c1c(N)n[nH]2,false,0,true,0,0.0,0.0,0.0,0.0,0.0,0.0,0.0,0.0,0.0,0.0,0.0,0.0,0.0,0.0,0.0,0.0,0.0,0.0,0.0,0.0,0.0,0.0,0.0,0.0,1e-06,1e-06,1.0,0.6844782829284668
6730,REINFORCE,A2A,53,74,82.72872066497803,CN(C)c1ccc(-c2ccc3nc(-c4ccc(O)cc4)cn3n2)cc1,true,1,true,0,0.620061603174636,0.0,3.834900000000003,330.391,25.0,312.247,5.0,1.0,5.0,3.0,4.0,0.0,4.0,53.66,0.0,0.0,C20H18N4O,1017.9470759170491,1.0,0.0,0.4871794871794872,0.37037037037037035,0.38095238095238093,0.4871794871794872,0.4871794871794872,0.4871794871794872,1.0,0.6844782829284668
6731,REINFORCE,A2A,53,75,82.72872066497803,O=c1ccccc(-c2ccc(O)c(O)c2)c1,true,1,true,0,0.7147357683000719,0.0,2.125000000000001,214.22,16.0,204.13999999999996,3.0,2.0,3.0,1.0,2.0,0.0,2.0,57.53,0.0,0.0,C13H10O3,576.2407197122312,1.0,0.0,0.4871794871794872,0.37037037037037035,0.33333333333333337,0.4871794871794872,0.4871794871794872,0.4871794871794872,1.0,0.6844782829284668
6732,REINFORCE,A2A,53,76,82.72872066497803,Cc1cccc(-c2cc(-c3cc(O)c(O)cc3O)nc(N)n2)c1,true,1,true,0,0.4275372851540598,0.0,2.8180200000000006,309.32500000000005,23.0,294.205,6.0,4.0,6.0,2.0,3.0,0.0,3.0,112.49,0.0,0.0,C17H15N3O3,894.2472241648898,1.0,0.0,0.46153846153846156,0.4444444444444444,0.26190476190476186,0.46153846153846156,0.46153846153846156,0.46153846153846156,1.0,0.6844782829284668
6733,REINFORCE,A2A,53,77,82.72872066497803,Cc1ccc(C(=O)Nc2ccccc2-c2ccccc2)cc1,true,1,true,0,0.7279410656700236,0.0,4.914320000000004,287.362,22.0,270.226,1.0,1.0,2.0,3.0,3.0,0.0,3.0,29.1,0.0,0.0,C20H17NO,776.3173267609872,1.0,0.0,0.4871794871794872,0.31481481481481477,0.45238095238095233,0.4871794871794872,0.4871794871794872,0.4871794871794872,1.0,0.6844782829284668
6734,REINFORCE,A2A,53,78,82.72872066497803,Cn1c(-c2ccccc2)cnc1-c1ccccc1,true,1,true,0,0.6599027513065744,0.0,3.754100000000002,234.302,18.0,220.18999999999994,2.0,0.0,2.0,2.0,3.0,0.0,3.0,17.82,0.0,0.0,C16H14N2,582.3735158965357,1.0,0.0,0.4358974358974359,0.31481481481481477,0.2857142857142857,0.4358974358974359,0.4358974358974359,0.4358974358974359,1.0,0.6844782829284668
6735,REINFORCE,A2A,53,79,82.72872066497803,NC(=O)c1cc(-c2ccc(Oc3ccccc3)nc2)on1,true,1,true,0,0.7932781293202957,0.0,2.6278000000000006,281.271,21.0,270.183,5.0,1.0,6.0,4.0,3.0,0.0,3.0,91.24000000000001,0.0,0.0,C15H11N3O3,751.3497242394761,2.0,0.0,0.4358974358974359,0.42592592592592593,0.33333333333333337,0.4358974358974359,0.4358974358974359,0.4358974358974359,1.0,0.6844782829284668
6736,REINFORCE,A2A,53,80,82.72872066497803,N#Cc1c(-c2ccccc2)cc(-c2ccccc2)nc1N,true,1,true,0,0.7691659944358956,0.0,3.869480000000003,271.323,21.0,258.21899999999994,3.0,1.0,3.0,2.0,3.0,0.0,3.0,62.7,0.0,0.0,C18H13N3,803.1171494345646,1.0,0.0,0.4871794871794872,0.33333333333333337,0.3571428571428571,0.4871794871794872,0.4871794871794872,0.4871794871794872,1.0,0.6844782829284668
6737,REINFORCE,A2A,53,81,82.72872066497803,COc1ccc(C(=O)O)cc1-c1coc(-c2ccccc2)n1,true,1,true,0,0.7938613295571191,0.0,3.7154000000000025,295.294,22.0,282.19,4.0,1.0,5.0,4.0,3.0,0.0,3.0,72.56,0.0,0.0,C17H13NO4,808.5360773381177,1.0,0.0,0.46153846153846156,0.2777777777777778,0.3571428571428571,0.46153846153846156,0.46153846153846156,0.46153846153846156,1.0,0.6844782829284668
6738,REINFORCE,A2A,53,82,82.72872066497803,Oc1ccc(-c2c(CN3CCOCC3)coc2-c2ccc(Cl)cc2)cc1O,true,1,true,0,0.6466539910019312,0.0,4.510400000000004,385.847,27.0,365.6870000000001,5.0,2.0,6.0,4.0,3.0,1.0,4.0,66.07000000000001,0.0,0.0,C21H20ClNO4,929.8547078042161,2.0,0.0,0.4358974358974359,0.31481481481481477,0.23809523809523814,0.4358974358974359,0.4358974358974359,0.4358974358974359,1.0,0.6844782829284668
6739,REINFORCE,A2A,53,83,82.72872066497803,Cc1ccn(-c2cccc(C(=O)N3CCC4(CCNCC4)CC3)c2)n1,true,1,true,0,0.9159590159348466,0.0,2.786520000000001,338.4550000000001,25.0,312.24700000000007,4.0,1.0,5.0,2.0,2.0,2.0,4.0,50.160000000000004,0.0,0.0,C20H26N4O,750.5615757412298,1.0,0.0,0.38888888888888884,0.38888888888888884,0.19047619047619047,0.3076923076923077,0.38888888888888884,0.38888888888888884,1.0,0.6844782829284668
6740,REINFORCE,A2A,53,84,82.72872066497803,CC(C)(C)C(=O)OC(c1ccccc1)c1ccccc1,true,1,true,0,0.772797912343721,0.0,4.365300000000004,268.356,20.0,248.19599999999994,2.0,0.0,2.0,3.0,2.0,0.0,2.0,26.3,0.0,0.0,C18H20O2,513.4770231158668,3.0,0.0,0.5476190476190477,0.2777777777777778,0.5476190476190477,0.3076923076923077,0.5476190476190477,0.5476190476190477,1.0,0.6844782829284668
6741,REINFORCE,A2A,53,85,82.72872066497803,Cc1cc(C)cc(-c2nc(-c3ccc(O)cc3)cc(=O)[nH]2)c1,true,1,true,0,0.7602000798625498,0.0,3.4263400000000024,292.338,22.0,276.21,3.0,2.0,4.0,2.0,3.0,0.0,3.0,65.98,0.0,0.0,C18H16N2O2,860.0841599786415,1.0,0.0,0.4871794871794872,0.40740740740740744,0.30952380952380953,0.4871794871794872,0.4871794871794872,0.4871794871794872,1.0,0.6844782829284668
6742,REINFORCE,A2A,53,86,82.72872066497803,Cc1ccc(-n2nc(C)cc2-c2cccc(Cl)c2)cc1,true,1,true,0,0.6594288655231548,0.0,4.809540000000003,282.77400000000006,20.0,267.654,2.0,0.0,3.0,2.0,3.0,0.0,3.0,17.82,0.0,0.0,C17H15ClN2,741.9365004817262,1.0,0.0,0.641025641025641,0.31481481481481477,0.33333333333333337,0.641025641025641,0.641025641025641,0.641025641025641,1.0,0.6844782829284668
6743,REINFORCE,A2A,53,87,82.72872066497803,CN(C)c1ccc(C=C(C(=O)O)c2ccccc2)cc1,true,1,true,0,0.6816791061195877,0.0,3.3778000000000015,267.328,20.0,250.19199999999992,2.0,1.0,3.0,4.0,2.0,0.0,2.0,40.540000000000006,0.0,0.0,C17H17NO2,613.1980806564166,2.0,0.0,0.47619047619047616,0.33333333333333337,0.47619047619047616,0.3589743589743589,0.47619047619047616,0.47619047619047616,1.0,0.6844782829284668
6744,REINFORCE,A2A,53,88,82.72872066497803,COc1ccc(C(=O)Nc2ccccc2NC(=O)c2ccccc2)cc1,true,1,true,0,0.7274467188916295,0.0,4.199800000000002,346.386,26.0,328.24200000000013,3.0,2.0,5.0,5.0,3.0,0.0,3.0,67.43,0.0,0.0,C21H18N2O3,906.054020153278,1.0,0.0,0.5476190476190477,0.37037037037037035,0.5476190476190477,0.3846153846153846,0.5476190476190477,0.5476190476190477,1.0,0.6844782829284668
6745,REINFORCE,A2A,53,89,82.72872066497803,O=C(Cn1cnc(-c2ccccc2Cl)c1)Nc1ccccc1,true,1,true,0,0.7954143263298977,0.0,3.842200000000002,311.77200000000005,22.0,297.6600000000001,3.0,1.0,5.0,4.0,3.0,0.0,3.0,46.92,0.0,0.0,C17H14ClN3O,783.3628520610949,2.0,0.0,0.3571428571428571,0.33333333333333337,0.3571428571428571,0.33333333333333337,0.3571428571428571,0.3571428571428571,1.0,0.6844782829284668
6746,REINFORCE,A2A,53,90,82.72872066497803,Oc1ccc(-c2ccc(O)nn2)cc1,true,1,true,0,0.7121594899869416,0.0,1.5547999999999993,188.186,14.0,180.12199999999999,4.0,2.0,4.0,1.0,2.0,0.0,2.0,66.24000000000001,0.0,0.0,C10H8N2O2,379.37991579793066,1.0,0.0,0.4871794871794872,0.31481481481481477,0.33333333333333337,0.4871794871794872,0.4871794871794872,0.4871794871794872,1.0,0.6844782829284668
6747,REINFORCE,A2A,53,91,82.72872066497803,Oc1cccc(-c2ncc3ccc(-c4ccncc4)cc3n2)c1F,true,1,true,0,0.6016553702628417,0.0,4.203500000000003,317.32300000000004,24.0,305.227,4.0,1.0,5.0,2.0,4.0,0.0,4.0,58.900000000000006,0.0,0.0,C19H12FN3O,1035.1180963026952,1.0,1.0,0.4871794871794872,0.37037037037037035,0.2857142857142857,0.4871794871794872,0.4871794871794872,0.4871794871794872,1.0,0.6844782829284668
6748,REINFORCE,A2A,53,92,82.72872066497803,O=c1c(-c2ccccc2)ccc(O)c2oc(-c3ccc(F)cc3)cc12,true,1,true,0,0.5635719290175416,0.0,4.971700000000004,332.33,25.0,319.22600000000006,3.0,1.0,4.0,2.0,4.0,0.0,4.0,50.44,0.0,0.0,C21H13FO3,1113.6550462692142,1.0,1.0,0.3589743589743589,0.31481481481481477,0.26190476190476186,0.3589743589743589,0.3589743589743589,0.3589743589743589,1.0,0.6844782829284668
6749,REINFORCE,A2A,53,93,82.72872066497803,O=S1(=O)CCC(c2ccccc2-c2ccccc2)C1,true,1,true,0,0.840634497891104,0.0,3.255700000000002,272.3690000000001,19.0,256.24099999999993,2.0,0.0,3.0,2.0,2.0,1.0,3.0,34.14,0.0,0.0,C16H16O2S,674.9049381134766,1.0,0.0,0.3589743589743589,0.2962962962962963,0.30952380952380953,0.3589743589743589,0.3589743589743589,0.3589743589743589,1.0,0.6844782829284668
6750,REINFORCE,A2A,53,94,82.72872066497803,Fc1ccccc1-c1cccc(-c2cccnc2)c1,true,1,true,0,0.6486828710272609,0.0,4.554700000000003,249.288,19.0,237.19199999999995,1.0,0.0,2.0,2.0,3.0,0.0,3.0,12.89,0.0,0.0,C17H12FN,692.3890980475496,1.0,1.0,0.46153846153846156,0.33333333333333337,0.30952380952380953,0.46153846153846156,0.46153846153846156,0.46153846153846156,1.0,0.6844782829284668
6751,REINFORCE,A2A,53,95,82.72872066497803,c1ccc(-c2nnn3ccc(-c4ccccn4)cc23)cc1,true,1,true,0,0.5609871211931869,0.0,3.4583000000000013,272.31100000000004,21.0,260.215,4.0,0.0,4.0,2.0,4.0,0.0,4.0,43.08,0.0,0.0,C17H12N4,882.4783655383404,1.0,0.0,0.5384615384615384,0.31481481481481477,0.2857142857142857,0.5384615384615384,0.5384615384615384,0.5384615384615384,1.0,0.6844782829284668
6752,REINFORCE,A2A,53,96,82.72872066497803,Oc1cc(O)cc(-c2ccccc2)c1,true,1,true,0,0.7184688940221797,0.0,2.764800000000001,186.21,14.0,176.12999999999997,2.0,2.0,2.0,1.0,2.0,0.0,2.0,40.46,0.0,0.0,C12H10O2,415.0796467381504,1.0,0.0,0.4871794871794872,0.33333333333333337,0.3571428571428571,0.4871794871794872,0.4871794871794872,0.4871794871794872,1.0,0.6844782829284668
6753,REINFORCE,A2A,53,97,82.72872066497803,Cc1cc(-c2ccc(-c3ccncn3)cc2)cc(C)n1,true,1,true,0,0.703515020740298,0.0,3.822440000000002,261.328,20.0,246.20799999999997,3.0,0.0,3.0,2.0,3.0,0.0,3.0,38.67,0.0,0.0,C17H15N3,698.7287541954357,1.0,0.0,0.6923076923076923,0.38888888888888884,0.30952380952380953,0.6923076923076923,0.6923076923076923,0.6923076923076923,1.0,0.6844782829284668
6754,REINFORCE,A2A,53,98,82.72872066497803,O=C(O)c1ccc(-c2ccc(F)cc2)n(-c2ccccc2)c1=O,true,1,true,0,0.8069567992464631,0.0,3.341800000000002,309.29600000000005,23.0,297.20000000000005,3.0,1.0,5.0,3.0,3.0,0.0,3.0,59.3,0.0,0.0,C18H12FNO3,915.2467775505521,1.0,1.0,0.42592592592592593,0.42592592592592593,0.38095238095238093,0.41025641025641024,0.42592592592592593,0.42592592592592593,1.0,0.6844782829284668
6755,REINFORCE,A2A,53,99,82.72872066497803,Brc1ccc(-c2c[nH]cn2)cc1,true,1,true,0,0.7905393012367863,0.0,2.839200000000001,223.073,12.0,216.01699999999997,1.0,1.0,3.0,1.0,2.0,0.0,2.0,28.68,0.0,0.0,C9H7BrN2,350.52737763608667,1.0,0.0,0.3846153846153846,0.2407407407407407,0.30952380952380953,0.3846153846153846,0.3846153846153846,0.3846153846153846,1.0,0.6844782829284668
6756,REINFORCE,A2A,53,100,82.72872066497803,COc1cc(C(=O)N2CCCC(F)C2)ccc1-n1nc(C)cc1C,true,1,true,0,0.8682788776090344,0.0,3.0718400000000017,331.3910000000001,24.0,309.2150000000001,4.0,0.0,6.0,3.0,2.0,1.0,3.0,47.36,0.0,0.0,C18H22FN3O2,756.7173020648111,1.0,1.0,0.33333333333333337,0.31481481481481477,0.33333333333333337,0.28205128205128205,0.33333333333333337,0.33333333333333337,1.0,0.6844782829284668
6757,REINFORCE,A2A,53,101,82.72872066497803,O=C(O)c1coc(CCCc2cccc(F)c2)n1,true,1,true,0,0.8843856748865081,0.0,2.6872000000000007,249.24099999999999,18.0,237.14499999999995,3.0,1.0,5.0,5.0,2.0,0.0,2.0,63.33,0.0,0.0,C13H12FNO3,550.6743144663171,4.0,1.0,0.4358974358974359,0.2962962962962963,0.33333333333333337,0.4358974358974359,0.4358974358974359,0.4358974358974359,1.0,0.6844782829284668
6758,REINFORCE,A2A,53,102,82.72872066497803,COc1ccc(-c2ccc3nc(Nc4ccc(C(=O)O)cc4)sc3c2)cc1,true,1,true,0,0.4869603934762788,0.0,5.413700000000003,376.437,27.0,360.3090000000001,5.0,2.0,6.0,5.0,4.0,0.0,4.0,71.45,0.0,0.0,C21H16N2O3S,1102.696967764896,2.0,0.0,0.42592592592592593,0.42592592592592593,0.30952380952380953,0.41025641025641024,0.42592592592592593,0.42592592592592593,1.0,0.6844782829284668
6759,REINFORCE,A2A,53,103,82.72872066497803,CCCC=C1CCc2ccccc2N(C)C1=O,true,1,true,0,0.7123139184151309,0.0,3.3221000000000016,229.323,17.0,210.17099999999996,1.0,0.0,2.0,2.0,1.0,1.0,2.0,20.310000000000002,0.0,0.0,C15H19NO,447.98997123945156,2.0,0.0,0.31481481481481477,0.31481481481481477,0.30952380952380953,0.28205128205128205,0.31481481481481477,0.31481481481481477,1.0,0.6844782829284668
6760,REINFORCE,A2A,53,104,82.72872066497803,Cc1ccc2cccc(O)c2n1,true,1,true,0,0.6391024868167525,0.0,2.2488200000000007,159.188,12.0,150.11599999999999,2.0,1.0,2.0,0.0,2.0,0.0,2.0,33.120000000000005,0.0,0.0,C10H9NO,423.10813525322834,0.0,0.0,0.4358974358974359,0.2962962962962963,0.30952380952380953,0.4358974358974359,0.4358974358974359,0.4358974358974359,1.0,0.6844782829284668
6761,REINFORCE,A2A,53,105,82.72872066497803,Nc1ncc(-c2ccccc2)cc1-c1ccc(O)cc1,true,1,true,0,0.7398795323905379,0.0,3.703400000000002,262.312,20.0,248.19999999999993,3.0,2.0,3.0,2.0,3.0,0.0,3.0,59.14,0.0,0.0,C17H14N2O,721.7336416975991,1.0,0.0,0.4871794871794872,0.2962962962962963,0.30952380952380953,0.4871794871794872,0.4871794871794872,0.4871794871794872,1.0,0.6844782829284668
6762,REINFORCE,A2A,53,106,82.72872066497803,Cc1cccc(C)c1NC=CC(=O)c1cccnc1,true,1,true,0,0.6685065044255535,0.0,3.506940000000002,252.31700000000004,19.0,236.18899999999996,3.0,1.0,3.0,4.0,2.0,0.0,2.0,41.99,0.0,0.0,C16H16N2O,583.1509276194483,2.0,0.0,0.3846153846153846,0.35185185185185186,0.3571428571428571,0.3846153846153846,0.3846153846153846,0.3846153846153846,1.0,0.6844782829284668
6763,REINFORCE,A2A,53,107,82.72872066497803,COc1ccc(C(=CNNC(=O)c2ccccc2)c2ccccc2)cc1OC,true,1,true,0,0.6132827885627717,0.0,4.027600000000003,374.4400000000001,28.0,352.2640000000001,4.0,2.0,5.0,7.0,3.0,0.0,3.0,59.59,0.0,0.0,C23H22N2O3,954.096161060169,2.0,0.0,0.38095238095238093,0.31481481481481477,0.38095238095238093,0.3589743589743589,0.38095238095238093,0.38095238095238093,1.0,0.6844782829284668
6764,REINFORCE,A2A,53,108,82.72872066497803,COc1ccc(-c2cc(C(=O)Nc3ccccc3C)c(C)cn2)cc1,true,1,true,0,0.7578573553306449,0.0,4.6263400000000034,332.4030000000001,25.0,312.24300000000005,3.0,1.0,4.0,4.0,3.0,0.0,3.0,51.22,0.0,0.0,C21H20N2O2,902.0245453612511,1.0,0.0,0.4358974358974359,0.40740740740740744,0.38095238095238093,0.4358974358974359,0.4358974358974359,0.4358974358974359,1.0,0.6844782829284668
6765,REINFORCE,A2A,53,109,82.72872066497803,Cc1cccc(COC(=O)Cn2cnc3c(-c4ccccc4)c[nH]c3c2=O)c1,true,1,true,0,0.5437842554002457,0.0,3.4434200000000015,373.4120000000001,28.0,354.2600000000001,5.0,1.0,6.0,5.0,4.0,0.0,4.0,76.98,0.0,0.0,C22H19N3O3,1192.609138880869,2.0,0.0,0.31481481481481477,0.31481481481481477,0.23809523809523814,0.28205128205128205,0.31481481481481477,0.31481481481481477,1.0,0.6844782829284668
6766,REINFORCE,A2A,53,110,82.72872066497803,Cc1cccc(NC(=O)CCc2ccccc2)c1,true,1,true,0,0.867926870044909,0.0,3.566320000000002,239.318,18.0,222.18199999999996,1.0,1.0,2.0,4.0,2.0,0.0,2.0,29.1,0.0,0.0,C16H17NO,519.629986615165,3.0,0.0,0.46153846153846156,0.38888888888888884,0.40476190476190477,0.46153846153846156,0.46153846153846156,0.46153846153846156,1.0,0.6844782829284668
6767,REINFORCE,A2A,53,111,82.72872066497803,COc1ccccc1NC(=O)CNC(=O)COc1ccccc1OC,true,1,true,0,0.7630788067263151,0.0,1.8374999999999997,344.367,25.0,324.2070000000001,5.0,2.0,7.0,8.0,2.0,0.0,2.0,85.89000000000001,0.0,0.0,C18H20N2O5,732.9112935258894,3.0,0.0,0.33333333333333337,0.33333333333333337,0.30952380952380953,0.2564102564102564,0.33333333333333337,0.33333333333333337,1.0,0.6844782829284668
6768,REINFORCE,A2A,53,112,82.72872066497803,Cc1cc(C)cc(-c2ccccc2)c1,true,1,true,0,0.625641454815298,0.0,3.9704400000000026,182.26600000000002,14.0,168.15399999999997,0.0,0.0,0.0,1.0,2.0,0.0,2.0,0.0,0.0,0.0,C14H14,406.79622783799783,1.0,0.0,0.5128205128205128,0.33333333333333337,0.3571428571428571,0.5128205128205128,0.5128205128205128,0.5128205128205128,1.0,0.6844782829284668
6769,REINFORCE,A2A,53,113,82.72872066497803,Cc1cc(-c2nncn2CC(O)c2ccccc2)ccn1,true,1,true,0,0.7966546063866027,0.0,2.3821200000000005,280.331,21.0,264.203,5.0,1.0,5.0,4.0,3.0,0.0,3.0,63.83,0.0,0.0,C16H16N4O,723.906616033403,3.0,0.0,0.641025641025641,0.35185185185185186,0.33333333333333337,0.641025641025641,0.641025641025641,0.641025641025641,1.0,0.6844782829284668
6770,REINFORCE,A2A,53,114,82.72872066497803,Cc1cccc(CCc2ccccc2)c1,true,1,true,0,0.7004760952540267,0.0,3.7802200000000026,196.29300000000003,15.0,180.16499999999996,0.0,0.0,0.0,3.0,2.0,0.0,2.0,0.0,0.0,0.0,C15H16,415.06326077302657,3.0,0.0,0.4871794871794872,0.2962962962962963,0.3571428571428571,0.4871794871794872,0.4871794871794872,0.4871794871794872,1.0,0.6844782829284668
6771,REINFORCE,A2A,53,115,82.72872066497803,Cc1ccc(N(Cc2ccccc2)S(=O)(=O)c2c(C)nc(O)nc2C)cc1,true,1,true,0,0.7289481939959229,0.0,3.5029600000000016,383.4730000000002,27.0,362.3050000000001,5.0,1.0,7.0,5.0,3.0,0.0,3.0,83.39,0.0,0.0,C20H21N3O3S,1026.5849766764984,5.0,0.0,0.37037037037037035,0.37037037037037035,0.2142857142857143,0.28205128205128205,0.37037037037037035,0.37037037037037035,1.0,0.6844782829284668
6772,REINFORCE,A2A,53,116,82.72872066497803,O=S(=O)(c1ccccc1Cl)n1ccc2ccccc21,true,1,true,0,0.7243539890182096,0.0,3.5317000000000016,291.759,19.0,281.67900000000003,3.0,0.0,5.0,2.0,3.0,0.0,3.0,39.07,0.0,0.0,C14H10ClNO2S,852.5182849173007,2.0,0.0,0.3571428571428571,0.2962962962962963,0.3571428571428571,0.2564102564102564,0.3571428571428571,0.3571428571428571,1.0,0.6844782829284668
6773,REINFORCE,A2A,53,117,82.72872066497803,CCSc1c(-c2ccccc2)ccc[n+]1C,true,1,true,0,0.5778364324033679,0.0,3.2901000000000025,230.35600000000002,16.0,214.22799999999995,1.0,0.0,2.0,3.0,2.0,0.0,2.0,3.88,0.0,1.0,C14H16NS+,465.41648704843345,2.0,0.0,0.41025641025641024,0.33333333333333337,0.2857142857142857,0.41025641025641024,0.41025641025641024,0.41025641025641024,1.0,0.6844782829284668
6774,REINFORCE,A2A,53,118,82.72872066497803,Cc1cc(CNCc2coc(-c3ncccc3C)n2)on1,true,1,true,0,0.7757513964035354,0.0,2.631240000000001,284.319,21.0,268.191,6.0,1.0,6.0,5.0,3.0,0.0,3.0,76.98,0.0,0.0,C15H16N4O2,732.6161772359848,4.0,0.0,0.46153846153846156,0.33333333333333337,0.2857142857142857,0.46153846153846156,0.46153846153846156,0.46153846153846156,1.0,0.6844782829284668
6775,REINFORCE,A2A,53,119,82.72872066497803,Cc1c(-c2ccc(O)cc2)nc2ccccn2c1=O,true,1,true,0,0.7230494176923579,0.0,2.3755200000000007,252.273,19.0,240.17699999999994,4.0,1.0,4.0,1.0,3.0,0.0,3.0,54.6,0.0,0.0,C15H12N2O2,804.4836768266103,1.0,0.0,0.5128205128205128,0.40740740740740744,0.33333333333333337,0.5128205128205128,0.5128205128205128,0.5128205128205128,1.0,0.6844782829284668
6776,REINFORCE,A2A,53,120,82.72872066497803,CC(c1ccco1)N(C)C(=O)CCc1ncn[nH]1,true,1,true,0,0.8706639321044664,0.0,1.5499,248.28599999999997,18.0,232.158,4.0,1.0,6.0,5.0,2.0,0.0,2.0,75.02000000000001,0.0,0.0,C12H16N4O2,478.1651882005834,3.0,0.0,0.3571428571428571,0.35185185185185186,0.3571428571428571,0.23076923076923073,0.3571428571428571,0.3571428571428571,1.0,0.6844782829284668
6777,REINFORCE,A2A,53,121,82.72872066497803,Cc1ncnc(N)c1Cc1cccs1,true,1,true,0,0.815648126760724,0.0,2.01952,205.28600000000003,14.0,194.19799999999998,4.0,1.0,4.0,2.0,2.0,0.0,2.0,51.8,0.0,0.0,C10H11N3S,402.6870839955985,2.0,0.0,0.3846153846153846,0.2222222222222222,0.2857142857142857,0.3846153846153846,0.3846153846153846,0.3846153846153846,1.0,0.6844782829284668
6778,REINFORCE,A2A,53,122,82.72872066497803,COc1ccc2c(c1)nc(-c1c(Cl)cccc1Cl)n2C,true,1,true,0,0.6939461643011202,0.0,4.5557000000000025,307.18000000000006,20.0,295.084,3.0,0.0,5.0,2.0,3.0,0.0,3.0,27.05,0.0,0.0,C15H12Cl2N2O,775.6630042381024,1.0,0.0,0.5384615384615384,0.31481481481481477,0.2857142857142857,0.5384615384615384,0.5384615384615384,0.5384615384615384,1.0,0.6844782829284668
6779,REINFORCE,A2A,53,123,82.72872066497803,Fc1ccc(-c2nnc(-c3cccc(F)c3)o2)cc1,true,1,true,0,0.7033831292872347,0.0,3.6818000000000017,258.22700000000003,19.0,250.16299999999995,3.0,0.0,5.0,2.0,3.0,0.0,3.0,38.92,0.0,0.0,C14H8F2N2O,707.475077434075,1.0,2.0,0.5897435897435898,0.38888888888888884,0.2857142857142857,0.5897435897435898,0.5897435897435898,0.5897435897435898,1.0,0.6844782829284668
6780,REINFORCE,A2A,53,124,82.72872066497803,Cc1cc(N)nc(-c2cc(-c3ncccn3)ncc2F)c1,true,1,true,0,0.7809056125581749,0.0,2.63032,281.29400000000004,21.0,269.198,5.0,1.0,6.0,2.0,3.0,0.0,3.0,77.58,0.0,0.0,C15H12FN5,769.0723442519235,1.0,1.0,0.4871794871794872,0.37037037037037035,0.33333333333333337,0.4871794871794872,0.4871794871794872,0.4871794871794872,1.0,0.6844782829284668
6781,REINFORCE,A2A,53,125,82.72872066497803,COc1ccc(OC)c(-c2c(N)ncc(C(=O)Nc3cc(C)ccn3)c2N)c1,true,1,true,0,0.6221296064290495,0.0,2.8859200000000005,379.42000000000013,28.0,358.2520000000001,7.0,3.0,8.0,5.0,3.0,0.0,3.0,125.38,0.0,0.0,C20H21N5O3,1036.3448991028781,1.0,0.0,0.38888888888888884,0.38888888888888884,0.33333333333333337,0.33333333333333337,0.38888888888888884,0.38888888888888884,1.0,0.6844782829284668
6782,REINFORCE,A2A,53,126,82.72872066497803,CC(C)(c1nc(O)c2ccccc2n1)c1cc(-c2ccc(C(F)(F)F)cc2)ccc1F,true,1,true,0,0.3812150370074514,0.0,6.486200000000005,426.41300000000007,31.0,408.26900000000006,3.0,1.0,7.0,3.0,4.0,0.0,4.0,46.010000000000005,0.0,0.0,C24H18F4N2O,1265.0541850219633,2.0,4.0,0.31481481481481477,0.31481481481481477,0.2857142857142857,0.20512820512820518,0.31481481481481477,0.31481481481481477,1.0,0.6844782829284668
6783,REINFORCE,A2A,53,127,82.72872066497803,Cc1[nH]n(C)c(=O)c1C1(O)CCN(C(=O)c2ccco2)CC1,true,1,true,0,0.8557710927124359,0.0,0.7386199999999989,305.33400000000006,22.0,286.182,5.0,2.0,7.0,2.0,2.0,1.0,3.0,91.47,0.0,0.0,C15H19N3O4,733.4257568220056,1.0,0.0,0.47619047619047616,0.31481481481481477,0.47619047619047616,0.20512820512820518,0.47619047619047616,0.47619047619047616,1.0,0.6844782829284668
